0.250487716432 0.269498295028 0.265913739929 0.286266526131 0.0 
0.265119968484 0.291621768523 0.327506418803 0.286368252595 0.0 
0.261718778083 0.321910706628 0.284034352214 0.287137595171 0.0 
0.203480789072 0.104494655336 0.278661401324 0.107714638247 0.0 
0.299024380715 0.302172359412 0.30651249896 0.365155771039 0.0 
0.0 0.0 0.0 0.0 0.0 
0.0645530913365 0.415304182368 0.249495278056 0.482517464855 0.0 
0.0 0.0 0.0 0.0 -0.999999999999 
0.458928123638 0.382241774441 0.441355896402 0.316603551228 0.0 
0.51220765973 0.423148613237 0.684221127373 0.478795426132 0.0 
0.496170308098 0.438096852077 0.817070483528 0.447109989509 0.0 
0.0 0.0 0.0 0.0 0.999999999999 
