0.523142916576 0.509549579102 0.487817312191 0.47806491803 0.0 
0.524650278183 0.575709026284 0.519961654116 0.49652307777 0.0 
0.615706263142 0.548662808921 0.572916344384 0.532995010866 0.0 
0.586294444519 0.544963847099 0.478384548436 0.536212943101 0.0 
0.0 0.0 0.0 0.0 0.0 
0.67866304056 0.687005460197 0.572220440225 0.660270799793 0.0 
0.601509727684 0.659993130957 0.571951551091 0.590095736988 -0.999999945984 
0.671986136256 0.805219967247 0.710821413849 0.625274737318 0.0 
0.794161698998 0.899099610367 0.663682199986 0.699356366215 0.0 
0.0 0.0 0.0 0.0 0.999999999999 
0.0 0.0 0.0 0.0 0.0 
0.0 0.0 0.0 0.0 0.0 


