 75
 24
 58
 34
127
 37
 34
 32
 46
 39

 82
 37
 58
115
 24
 37
 34
 47
 35
 37

 97
 69
104
 61
 31
 37
 35
 22
 38
 12

44
103
38
40
35
74
 9
29
46
88

30
115
38
89
46
49
36
14
26
63

45
20
137
45
 9
68
47
94
25
16

44
37
45
19
22
110
97
38
71
23

40
43
57
40
63
22
37
77
114
13

39
24
94
17
64
82
24
118
26
18

42
46
83
27
78
17
34
14
139
26

farther first

114
 18
 42
 46
 14
 10
 46
 25
188
  3

299
 15
 41
  8
 30
 23
 14
 28
 19
 29

 EM

 76
28
112
21
18
10
27
85
89
40

 76
16
83
21
18
23
27
112
81
39
10

 coweb

 14
 3
 1
 3
 2
 2
 2
44
152
50
233
