9.320369898
2.31102210931
2.19409411802
12.0225812169
2.92180873056
10.8129405743
6.90273573859
2.43604999617
12.0775975382
1.20406488003
1.14228440857
0.52875151639
2.74887467808
2.26113432022
6.57191307324
3.44921211155
5.76630536393
0.553693560328
4.97970698526
0.57572281391
11.9016358192
2.0443917471
0.543811054562
124.529349138
0.876460643161
7.99839777687
11.8441682681
3.95482018491
1.87041665798
5.02051194705
0
11.2087401872
1.44656261638
0.94979993497
10.8060759719
124.056446292
126.653271531
8.97827637609
5.16811655363
2.91215482779
19.0918218862
2.11244701521
4.3532088744
8.39724981881
2.83033662747
26.8108515213
2.77943990591
4.99239792362
14.2420469537
28.2377450926
12.4768825358
0.542901461387
4.91600354546
2.34788306419
4.65052919021
0.0
2.03362518304
3.63268554108
2.19060878296
14.3083040014
0.777018559977
3.54536620973
12.6360395874
30.7580326155
4.58738272907
141.629039766
10.0548987356
1.54127539628
1.10103283619
0.775164080174
0.267453999914
2.37288528607
24.4507978485
4.9477089039
4.62808134021
4.75524662514
7.24589336684
1.37151345595
0.0
6.06868648098
5.25554109285
1.07095696193
1.51504609674
5.09355017297
4.18311329905
3.07392347623
15.9980458123
0.884183203778
2.59102151297
4.68492467134
1.47362545786
4.91763747084
2.29100020288
5.64360913968
1.60793774857
2.1994785084
7.00209480503
1.09486024163
122.988141158
1.69106623173
5.99836559638
5.08352829077
1.00206860042
124.717617944
4.13021989949
11.9808467825
4.59120851824
1.86811458605
2.75339457741
3.22177068846
6.22778590927
2.63393132121
0.668945301065
1.18254428258
8.07715416309
6.13654049662
5.71983672811
2.71329252024
12.8069584215
0.476381852308
14.9663446168
10.5548214487
3.01446695929
9.32377301542
3.32021960033
0.570335992795
1.43349294783
9.69533801224
9.54422962846
3.6961571681
0.579290912376
0
2.0489842476
1.05318843786
0.0
0.379779029281
60.1049525888
15.0905184949
5.48140291602
55.6480223249
17.2960885603
2.62231382393
5.40490983175
1.44182840765
2.44546753588
10.2905866185
0.47646299585
9.80142651174
2.69266885736
4.59723767768
20.085877459
1.47521185162
1.9338853228
1.24266169859
10.0663199637
2.94583443761
4.45260603243
30.8323771219
3.12326290855
1.9725296653
2.4100572483
1.93611442634
12.0970248827
2.415806104
2.41503324911
2.9543896164
3.88947410855
1.5575240205
1.64522160361
0.858397905472
2.06174528851
6.45854363519
0.943005553451
4.39372381384
0.618737098811
2.40063251887
22.8059922809
1.83871976189
4.19961149692
1.9006504689
2.94492778803
11.4470216092
3.34129828641
1.53573999448
0
2.77668873763
9.60764227045
4.33786053958
5.6940569146
6.71980591963
1.05917623568
3.01291638207
5.7767410787
9.47304398514
0.0
3.86459481682
0.0
1.56895924585
0.638309043995
1.34247222807
5.83873821626
15.1021322059
2.47928036346
3.39280943145
4.45839191361
2.51317632303
4.31082395556
2.17064303662
10.0573316861
5.11631594769
11.1555096865
2.19824932033
14.027391541
3.58131515074
7.75229797576
3.88848304524
10.6828845104
16.9357257374
13.9283524111
1.31729991307
2.44191931388
6.76188332855
2.9219705512
7.33155576579
5.52851479995
6.28046488872
2.90629651868
5.773230959
2.43930712174
3.52578941263
60.9917474805
1.41032062528
1.1336822183
2.51207390327
51.5561722762
4.11072576542
1.09130226651
12.0628903775
4.58073894061
8.65819238027
8.771232028
5.62253174778
0.45520910872
1.99304659949
4.01296691532
2.15172167557
7.95702332606
2.31269305333
13.8242235291
1.25269652236
2.16878285953
3.94389767522
10.9626644449
1.68312186808
4.93868679947
1.86756761815
0.0
2.35086395992
2.66840754285
5.28604383356
