14.912325451
35.2817337178
4.85836219623
142.756056872
142.829526545
0.364422363779
142.837127158
142.856462685
40.8654398674
142.853481796
109.249283793
40.6179608303
138.025966409
15.1252213298
117.22425471
142.31314988
118.077352349
139.445027826
140.595343729
120.060894222
141.957136856
141.184838508
142.238908946
142.857133406
138.223766541
6.71194932747
140.839988598
109.879454695
121.304841575
142.849266829
142.748468611
44.8914853506
142.857008122
142.856570896
0.589985467311
118.585236993
40.5350677194
60.2032516307
66.8331683312
3.21849189956
129.510009797
113.91284217
70.3290840907
35.0980699543
79.0226735273
62.4045405459
140.770006843
118.833051017
18.3849855463
79.2536247952
142.8570823
142.857142857
6.34029670935
142.476647847
120.602154075
142.775760324
142.845792856
142.85707681
142.85704928
100.228951
142.749332162
142.857142428
87.7767168314
129.274355614
93.0421997277
32.9783783458
135.435070494
142.267803935
142.428021273
47.9910777368
93.3989182447
27.7796115435
142.623752481
122.718055742
72.1084716909
70.314446166
137.527435529
0.724554417229
140.791076608
120.613469721
120.063078555
86.3516380637
142.8559065
126.036726452
142.79980792
26.8410175862
5.2220542335
0.0112888579481
142.814209977
47.5243842103
10.1746687916
142.857133884
120.629866201
123.775861792
131.353576855
31.0022976052
32.4728589909
138.812532744
123.070899686
142.818352404
142.857138945
141.933708494
35.9051695246
84.8735327478
36.9797191803
142.857136311
142.213074409
142.746630559
140.442018494
130.836341998
142.853518927
142.849257456
139.141773923
142.857142857
139.326378537
142.335674747
14.5335408756
1.83894056473
142.243962442
142.781422571
142.075095625
141.609966711
142.287740383
142.848930948
2.52245502983
2.8960500256
8.21100437291
140.499055718
88.3897824674
142.850047013
141.462641944
142.787083433
39.2706769038
142.756783232
38.4615072021
139.786618233
124.452761131
30.9702081468
32.1439640826
137.930070469
122.629987204
86.0999175869
46.0264606854
142.845520403
3.70638062146
115.149603369
133.213940611
9.60266506581
142.840395902
142.751123275
16.6642298214
142.857142857
137.138832824
36.363559045
142.681133838
124.833005806
142.82116736
142.08800027
142.857066781
136.816712618
6.16171137786
142.849843824
73.0574159153
125.778155724
3.34804273583
139.382888638
27.0299639456
64.5457202082
25.653189556
33.0435525643
142.831041546
88.808484418
142.508870291
88.4163205532
9.7507155754
51.9039728482
45.3436882
36.0636359241
5.51990979282
103.911555528
142.004017713
86.378039997
140.648130229
139.62162074
142.364716344
142.296013393
140.873529264
126.827889429
136.362637041
141.945488925
61.5017897381
142.750909839
44.2043187438
93.2222896816
42.2712735968
78.8731646104
142.856638202
129.229829819
142.424567257
117.59461459
142.855988602
142.857141756
61.8850099924
141.803053381
67.011225768
142.316894632
133.183580059
122.308365756
24.395589846
140.582254618
100.953181084
11.8422076769
27.6867569025
142.575181517
135.164551071
86.5394258571
7.72279596969
133.362885401
131.012956264
34.1044261569
142.822816027
142.514893347
23.3725589488
141.433905168
83.570557229
140.366559187
142.855902867
142.798044369
131.875010589
136.756587305
2.5650632856
122.713960744
142.257140978
10.3889866877
139.645582331
117.562175446
28.2676900926
100.070095102
0.0
19.6532496903
142.857142793
52.2837204779
142.407291191
35.8091324831
140.711607251
4.50936082232
99.1824480816
6.30601923228
142.274545557
5.15517893784
120.432703744
142.857142857
142.62704258
6.5862758339
0.748365067785
41.8934949075
