490.713438488
460.351364839
434.24337111
401.354021535
391.161127585
216.10093908
329.497073087
496.957095814
180.463820318
444.774755646
408.786528001
489.799864487
492.268146719
473.102765772
474.861978073
465.04975141
375.675089248
495.255871536
180.771591141
487.829200708
341.514202757
122.284131612
195.132299187
432.665508765
427.488437844
436.096879164
455.628641185
427.958159979
424.83139468
114.632963391
205.473026156
184.937886564
489.065295387
161.652977454
386.458394158
334.147355461
205.129795826
208.346466228
190.912324704
488.508792871
166.160741442
492.128287116
120.673067747
473.405887954
492.724806295
353.911803604
468.207470567
185.564919971
415.673165612
155.455029586
169.223058126
469.856316223
492.790349993
235.700268847
488.895776151
495.616634812
338.802369899
418.357971432
489.213117091
215.482446427
498.661520602
477.66065396
445.930488325
217.342715722
496.456229957
498.506252814
498.101217744
494.275425902
439.656866199
496.328168089
271.763344232
235.565840123
265.582058145
441.586148954
251.23287994
360.296004414
428.545221826
489.335972714
458.295754818
155.813746497
306.833135429
433.357101711
346.745497734
410.87541181
470.960641311
497.341656632
162.374185576
303.587631866
389.478918044
368.041197028
205.910053889
492.305817271
218.612803876
363.50714191
259.33890832
493.315175333
148.986293292
444.610630286
301.621992058
494.535216281
165.409581863
353.452468731
463.668637215
497.5930871
456.279573695
391.143224125
179.095729761
179.126448419
372.480902008
347.131124788
451.632292071
361.801659201
196.623370654
282.050142903
396.995260645
389.219120236
183.324558059
297.132156264
444.604903377
445.882662833
388.422292202
482.819045713
185.018468067
462.457702249
444.810416984
462.431100603
201.406232282
233.689599776
219.871673467
437.7616323
447.02970468
489.818422122
492.029447271
260.428704321
496.096288375
374.750594975
335.576698093
450.305916775
378.857751663
373.175712913
349.627902687
364.60133266
418.545917789
427.797331653
214.279101466
127.695447122
488.624472529
265.70390208
448.321936284
450.055134627
288.661098451
497.404838586
480.475670916
482.595144016
498.379868694
490.532292578
142.562775989
396.050469621
375.792977229
174.748357546
237.246036199
488.933577798
469.709350837
493.821377488
371.113954777
435.782917246
484.431749967
176.577812735
319.670073421
478.704271919
474.811054311
472.515322453
494.042074106
434.073673137
355.9134182
482.57116017
379.172098706
231.989365741
200.518752345
456.726393271
407.121371148
446.26521359
205.097421166
462.791088554
415.920615702
258.056879893
496.251786701
490.5501155
223.079915785
453.463563329
480.759655119
497.717486242
453.247939533
424.330432463
152.456179994
276.538820358
471.954277904
280.59417788
466.825433446
436.569867358
118.573198976
239.808525964
466.274782434
400.436116249
301.262599679
494.636132228
456.761550421
485.351716067
389.932743863
476.819655097
181.662703225
489.023362325
389.784529727
446.284896613
208.521531336
477.57362895
494.766405365
411.585048959
483.351986373
203.795917074
470.992896333
477.924979181
497.859772471
389.279910518
407.639907098
495.985842241
161.879773391
486.217738462
318.672730888
485.78633681
217.549418669
488.1351764
390.552631429
492.579426801
188.934599735
458.674196311
196.622233163
416.871717893
392.795259293
295.397813522
454.864542174
343.434216832
485.89542783
351.525043412
212.889642704
309.918045398
420.904609168
466.230534408
207.445117068
159.65179422
325.533093776
442.210819438
263.086288454
479.955264686
479.96824149
164.25396698
