16.6201329234
37.6546663321
22.6755654928
18.8711150144
19.1563525369
5.95347885077
17.3852409479
0.0
9.40028868929
29.2590882418
19.6239994687
8.90452082996
30.1303132581
19.159243787
20.5969016345
21.6916867117
17.4600778452
20.8499226448
23.5439395508
15.5102678382
14.5559348147
19.63930665
22.2635095635
14.0936176172
20.6110018016
24.3794819944
19.0339474637
18.4743191822
26.1114956008
27.5260450499
8.34505633077
18.6869471745
0.0
18.6625310788
21.9395467789
12.4658731866
4.9771877701
15.6989302241
23.7105024728
37.7554626562
15.3415369654
27.8768215073
30.0711125621
16.089647843
20.290606158
11.3374305079
15.5243188846
26.1313170914
21.7832431345
23.2839201669
22.0249258852
32.0820495728
19.3327837848
4.97841823872
23.2598857804
14.4686628523
23.520821775
22.8240888194
17.8198201838
25.5307548573
18.1068613629
18.1139494927
17.2148155799
18.070857418
22.3343479954
21.1191773611
83.026699876
18.3937659286
27.2188245544
23.4456975759
20.4776109105
18.8621292301
8.00699533676
21.205330844
19.5205782778
0.0
15.8317529106
19.3373215881
75.8865062584
25.9561093508
19.3079604112
19.8175736676
19.7586839991
23.1324669869
22.6928941029
21.4647445591
18.7563027101
18.5744943777
9.13028978327
6.12014923557
24.5032346183
24.789236092
17.7963758556
18.4371067958
13.8676930286
12.5823856805
18.8842185194
17.4230603201
14.2365201015
21.968572531
18.7522373842
4.73530231138
17.1920069928
15.1294389672
24.5327540355
17.2232653462
13.8233956941
15.2506229427
10.6972799134
11.9800727103
0.0
20.1116767633
20.4303051411
75.4850525926
23.0714356916
14.3337625857
18.1590411065
16.5161253659
17.6750421599
0.0
5.40102452146
9.35801731699
29.3645486119
20.5721710338
15.1375134536
16.1882023914
23.5517882822
15.3041816903
19.4984434644
15.1839452065
17.2164589897
21.1854388319
15.5681610382
16.1393048757
20.0954022127
20.7611456598
20.5132815891
15.1369584725
82.988560575
19.5902078357
18.5287276692
25.32887902
15.9303671744
15.9623044956
23.8670385415
17.6165706278
8.3660148811
18.805461564
18.6240335454
20.0282599539
15.4900357337
18.5007177665
24.1601733297
15.4003829782
21.4352918193
18.3750640767
19.3125753287
18.7050948199
21.5305401408
22.2663064765
42.233206337
28.2543508503
36.4668576732
0.0
20.7926465971
18.0215050912
22.5651460574
14.1067722622
17.0375034991
16.6576698196
20.4903264094
32.2301421343
96.7695069612
17.9879231587
4.75238985535
18.080061223
27.3305218282
27.0080985189
0.0
18.2708661117
15.3294568666
15.9644636841
0.0
6.25641466157
25.436803195
16.8770162579
86.0422327052
27.9502921432
22.4080327448
30.2444622522
22.9321010526
18.7250751236
4.93800709181
18.000903729
30.2797905764
25.5558550253
18.7266757827
22.931325342
79.8499071629
15.8102232241
16.6626729035
16.6412456168
16.4595766867
24.0465167848
10.7846762494
17.1056663354
17.3355864359
19.8400613988
0.0
21.1308063309
20.4550444181
20.4269741868
17.2157568133
16.7696161829
21.7805676755
17.5482414332
14.6815060101
17.3905722717
19.4407121048
28.2380416111
17.3171076254
0.0
18.4969486836
14.5941591873
22.8949931886
25.8610218577
26.0655176296
18.190858851
0.0
19.0956115984
18.1187663937
7.51388824452
21.5166454451
21.9028111502
90.2397671195
17.4530688124
22.5978316674
52.6106889661
19.2518076083
0.0
21.547069979
18.2405333076
17.4898525376
18.0099308408
51.009183999
26.467948432
28.135244603
0.0
29.0143249853
18.7678715414
12.235470327
17.1794089079
21.6244469189
29.4400419054
18.8059528696
18.6489017059
19.3066194797
