49.6149039292
3.39857924378
6.40208458401
0.0
3.38776210149
30.2599403984
51.4422137061
5.25682225904
14.0246452122
10.520639315
52.311897712
20.4649612037
0.0
0.0
13.4888805228
12.8905633835
21.8610777867
14.6772273309
14.2885691736
21.1022661713
12.2170822185
3.47857073283
60.4472624139
13.488835303
31.1061707346
21.1779971947
11.5159774861
14.1707145058
14.8724245793
80.7351217145
12.6040941962
0.0
-3.41040089412
38.2160664236
25.6939694674
8.65832112406
23.3223928247
0.0
6.49288325014
13.0901285669
33.9282454178
27.2607764506
19.8439423512
46.2985781167
4.64407976015
11.6015212996
8.62153552671
50.2571244493
23.1151190068
-0.3
18.3351886354
-0.7137
8.56913497646
9.19153318117
15.9644895354
0.0
67.3658935706
20.2832196538
6.23476839688
24.4243990475
2.7191222996
-0.768750164517
13.9110873363
15.9184242792
18.2034271631
26.8225798932
1.31436068813
16.4114143221
8.97112640745
27.4985323519
9.56243489363
10.6902573745
6.84183191241
42.0388814907
20.3574367988
21.9102263035
10.6808867165
-3.33847687539
10.7051918717
46.4484190527
23.3201713465
17.7804386019
19.8189793589
25.918889277
15.6853669705
19.0127898507
6.98362144384
12.2377011592
6.2466157851
19.9692530744
48.4074626097
73.6768231778
9.29313805658
25.6670208037
19.2208630048
17.5120493366
14.5326875844
-0.3
19.7221364328
15.9588353622
46.1162817845
-0.262801850737
18.9701410795
22.3304014898
34.1771820427
16.1143235345
28.7497114834
18.8011174302
0.0
24.3961248657
28.5179663921
26.9787768985
33.1892971837
18.2211641618
20.335294129
12.0435881715
2.16608713131
9.76775014421
11.5616279936
16.160166988
29.2561479689
22.9828541617
16.35991776
0.0
67.6922821961
18.1249593976
13.4983004278
60.9595011543
6.96698697235
6.68718743429
3.0557666759
14.6350161374
7.0468013344
-0.638767717288
13.3792899983
19.4336564229
6.85673778459
27.5502897856
55.8076824525
2.97170175966
22.821493865
22.629363675
54.3898936029
0.123454234388
15.7488373887
75.5725362059
14.2215931297
14.0329944878
35.1196180993
10.0383027855
20.5396726221
25.4367225898
16.2471724531
11.0342805072
20.650283599
17.0346087774
23.9498014668
28.4926575345
18.9302618965
20.0565646927
24.5742419772
25.005410937
0.0
15.4832770408
47.3983771963
16.1477132875
10.9399678289
10.7421896881
78.3195999049
10.662664537
13.9160612076
20.6275209092
37.1350540859
0.0
26.4485589658
18.2435222925
6.57121445246
0.0
19.0197689096
16.3580328988
15.0068567232
18.7773254665
8.08907400667
18.4382621503
21.9086220549
21.8657778231
-0.3
15.6017689291
16.4012842038
23.0519550833
23.149079566
14.3189722651
13.7329242394
24.0135360523
16.176932784
21.045475974
9.15949954741
7.78817276909
13.4028917401
15.0317621035
11.9207653312
37.011520364
0.0
12.0603827922
16.2355884175
18.9847964206
23.8327584817
25.3594272508
20.4675613015
12.1967643147
22.4227307417
33.9166829158
6.99058276367
3.3627068684
21.6876276385
11.6485947011
27.2535160911
4.29116640062
114.847401002
49.0152917158
23.4992551237
17.2341315361
34.720053886
-3.22471286274
15.1914827199
17.4838144721
12.9246719778
0.577853087874
16.868311458
20.2922158936
9.88539143449
23.774832753
11.8786644466
14.2165781914
-0.849699
27.6536627542
11.1208969416
18.4337925358
13.1813247775
0.0
20.7638891243
18.2058879693
18.7972249865
37.9885346502
24.4798032645
12.6380461804
15.0924362263
13.4239950843
12.2346794967
9.81233876182
14.8538245585
27.1165659245
3.28056870316
34.3409845626
14.7891442718
10.1475386114
