1,0,0.0222878456116
2,0,0.010283946991
3,0,0.00754404067993
4,0,0.00489187240601
5,0,0.00443911552429
6,0,0.00476789474487
7,0,0.0036461353302
8,0,0.00396394729614
9,0,0.00338101387024
10,0,0.00293803215027
11,0,0.00291800498962
12,0,0.00454998016357
13,0,0.00307512283325
14,0,0.00318098068237
15,0,0.00531220436096
16,0,0.00307703018188
17,0,0.00249481201172
18,0,0.00272393226624
19,0,0.00334620475769
20,0,0.00555491447449
21,0,0.00268507003784
22,0,0.002690076828
23,0,0.00199604034424
24,0,0.00217890739441
25,0,0.00315093994141
26,0,0.00385713577271
27,0,0.00221395492554
28,0,0.00356292724609
29,0,0.00261998176575
30,0,0.00256395339966
31,0,0.00348711013794
32,0,0.00323510169983
33,0,0.00232219696045
34,0,0.0573329925537
35,0,0.00300598144531
36,0,0.00244092941284
37,0,0.00327396392822
38,0,0.00269293785095
39,0,0.00231981277466
40,0,0.00228691101074
41,0,0.00212907791138
42,0,0.00216102600098
43,0,0.00218796730042
44,0,0.00314497947693
45,0,0.00236988067627
46,0,0.00285696983337
47,0,0.00233006477356
48,0,0.00207996368408
49,0,0.00292921066284
50,0,0.00234198570251
51,0,0.00232005119324
52,0,0.00203108787537
53,0,0.00234198570251
54,0,0.002436876297
55,0,0.00241708755493
56,0,0.00328016281128
57,0,0.00303292274475
58,0,0.00231909751892
59,0,0.00235414505005
60,0,0.00232911109924
61,0,0.00222396850586
62,0,0.00234699249268
63,0,0.00273489952087
64,0,0.00233507156372
65,0,0.0025839805603
66,0,0.00214791297913
67,0,0.00202202796936
68,0,0.00234198570251
69,0,0.00504803657532
70,0,0.00291299819946
71,0,0.00220584869385
72,0,0.00291204452515
73,0,0.00212287902832
74,0,0.00206112861633
75,0,0.00205898284912
76,0,0.00248908996582
77,0,0.00238704681396
78,0,0.002366065979
79,0,0.00235414505005
80,0,0.00199818611145
81,0,0.00199198722839
82,0,0.00258779525757
83,0,0.00343489646912
84,0,0.0018470287323
85,0,0.00212907791138
86,0,0.00207090377808
87,0,0.00191903114319
88,0,0.00242304801941
89,0,0.00185894966125
90,0,0.0035560131073
91,0,0.0020170211792
92,0,0.00202989578247
93,0,0.00275492668152
94,0,0.00261807441711
95,0,0.00197696685791
96,0,0.00198197364807
97,0,0.00221490859985
98,0,0.00184106826782
99,0,0.00211596488953
100,0,0.00226998329163
101,0,0.00298500061035
102,0,0.00221920013428
103,0,0.00206899642944
104,0,0.00242519378662
105,0,0.00158500671387
106,0,0.00225496292114
107,0,0.00216698646545
108,0,0.00225687026978
109,0,0.00216197967529
110,0,0.00290298461914
111,0,0.00247883796692
112,0,0.00221514701843
113,0,0.00229811668396
114,0,0.00219392776489
115,0,0.00312685966492
116,0,0.00241017341614
117,0,0.00214695930481
118,0,0.00221109390259
119,0,0.00217294692993
120,0,0.00217890739441
121,0,0.00251889228821
122,0,0.00201892852783
123,0,0.00244379043579
124,0,0.00227808952332
125,0,0.00212216377258
126,0,0.00224590301514
127,0,0.00192999839783
128,0,0.00229907035828
129,0,0.00223898887634
130,0,0.00216317176819
131,0,0.00695395469666
132,0,0.00246787071228
133,0,0.00213980674744
134,0,0.00200796127319
135,0,0.00163006782532
136,0,0.00166797637939
137,0,0.00167298316956
138,0,0.00155305862427
139,0,0.00217509269714
140,0,0.00221014022827
141,0,0.00219511985779
142,0,0.00220990180969
143,0,0.00156307220459
144,0,0.00204014778137
145,0,0.00191593170166
146,0,0.00208401679993
147,0,0.00189805030823
148,0,0.00226306915283
149,0,0.00211000442505
150,0,0.00203800201416
151,0,0.00215482711792
152,0,0.00207805633545
153,0,0.00229501724243
154,0,0.00292110443115
155,0,0.00148701667786
156,0,0.00153613090515
157,0,0.00151610374451
158,0,0.00206804275513
159,0,0.00217604637146
160,0,0.00198912620544
161,0,0.00213408470154
162,0,0.00196409225464
163,0,0.00215601921082
164,0,0.00213289260864
165,0,0.00206899642944
166,0,0.00207495689392
167,0,0.00223088264465
168,0,0.00212979316711
169,0,0.00425386428833
170,0,0.00263118743896
171,0,0.00247001647949
172,0,0.00233507156372
173,0,0.00184607505798
174,0,0.00240898132324
175,0,0.00212287902832
176,0,0.0021378993988
177,0,0.00182104110718
178,0,0.00221109390259
179,0,0.00197196006775
180,0,0.00230598449707
181,0,0.00208616256714
182,0,0.00219321250916
183,0,0.00202798843384
184,0,0.00205302238464
185,0,0.00181102752686
186,0,0.00213694572449
187,0,0.00215101242065
188,0,0.00200605392456
189,0,0.00205683708191
190,0,0.0018630027771
191,0,0.00212407112122
192,0,0.00213098526001
193,0,0.00206398963928
194,0,0.00170207023621
195,0,0.0021059513092
196,0,0.00140905380249
197,0,0.00209498405457
198,0,0.00204801559448
199,0,0.00206804275513
200,0,0.00212097167969
201,0,0.00233602523804
202,0,0.00216197967529
203,0,0.00180506706238
204,0,0.00187993049622
205,0,0.00192308425903
206,0,0.00236892700195
207,0,0.00214099884033
208,0,0.00263595581055
209,0,0.00202488899231
210,0,0.00205588340759
211,0,0.002366065979
212,0,0.00187516212463
213,0,0.00208616256714
214,0,0.00225281715393
215,0,0.0021288394928
216,0,0.0020649433136
217,0,0.00211691856384
218,0,0.00213098526001
219,0,0.00199484825134
220,0,0.00191020965576
221,0,0.00202608108521
222,0,0.00202703475952
223,0,0.00210690498352
224,0,0.00189089775085
225,0,0.00217795372009
226,0,0.00255513191223
227,0,0.00188994407654
228,0,0.00234484672546
229,0,0.00310206413269
230,0,0.00203013420105
231,0,0.00209403038025
232,0,0.00227618217468
233,0,0.00211119651794
234,0,0.00189709663391
235,0,0.00219893455505
236,0,0.00225400924683
237,0,0.00212693214417
238,0,0.00185394287109
239,0,0.00209712982178
240,0,0.00199103355408
241,0,0.00193095207214
242,0,0.00198698043823
243,0,0.00227999687195
244,0,0.00211191177368
245,0,0.00211691856384
246,0,0.00200390815735
247,0,0.00183987617493
248,0,0.00177693367004
249,0,0.00217604637146
250,0,0.00220704078674
251,0,0.00556492805481
252,0,0.00244116783142
253,0,0.00396513938904
254,0,0.00199913978577
255,0,0.00197696685791
256,0,0.00217604637146
257,0,0.00215005874634
258,0,0.00219297409058
259,0,0.00216293334961
260,0,0.00259113311768
261,0,0.00204300880432
262,0,0.00211691856384
263,0,0.00177693367004
264,0,0.00160193443298
265,0,0.00145101547241
266,0,0.00246286392212
267,0,0.00142407417297
268,0,0.00210213661194
269,0,0.00136804580688
270,0,0.00205206871033
271,0,0.00140404701233
272,0,0.0014979839325
273,0,0.00229001045227
274,0,0.00151395797729
275,0,0.0023398399353
276,0,0.00215411186218
277,0,0.00221180915833
278,0,0.00219893455505
279,0,0.00164890289307
280,0,0.00204992294312
281,0,0.00201678276062
282,0,0.00219297409058
283,0,0.0020751953125
284,0,0.00239706039429
285,0,0.00223898887634
286,0,0.026035785675
287,0,0.00174498558044
288,0,0.00153994560242
289,0,0.00204706192017
290,0,0.0020740032196
291,0,0.00211787223816
292,0,0.00144696235657
293,0,0.00143098831177
294,0,0.00264716148376
295,0,0.00608396530151
296,0,0.00258898735046
297,0,0.00201201438904
298,0,0.00269293785095
299,0,0.00248503684998
300,0,0.00334620475769
301,0,0.00216484069824
302,0,0.00210499763489
303,0,0.00194501876831
304,0,0.00206184387207
305,0,0.00215196609497
306,0,0.00149893760681
307,0,0.00254607200623
308,0,0.00185704231262
309,0,0.00148820877075
310,0,0.00207209587097
311,0,0.00208806991577
312,0,0.00196099281311
313,0,0.00193905830383
314,0,0.00205993652344
315,0,0.00189805030823
316,0,0.00198292732239
317,0,0.00210499763489
318,0,0.00150418281555
319,0,0.00145816802979
320,0,0.00203418731689
321,0,0.00203704833984
322,0,0.00210189819336
323,0,0.00180411338806
324,0,0.00211119651794
325,0,0.00187993049622
326,0,0.0016131401062
327,0,0.00221681594849
328,0,0.00214195251465
329,0,0.00196313858032
330,0,0.0019998550415
331,0,0.00211215019226
332,0,0.00189304351807
333,0,0.00191712379456
334,0,0.0021059513092
335,0,0.00233101844788
336,0,0.00255703926086
337,0,0.0020740032196
338,0,0.00204014778137
339,0,0.0020809173584
340,0,0.00193214416504
341,0,0.00201487541199
342,0,0.00139689445496
343,0,0.00535702705383
344,0,0.00206708908081
345,0,0.00202798843384
346,0,0.00214195251465
347,0,0.00162792205811
348,0,0.00170683860779
349,0,0.00205779075623
350,0,0.001384973526
351,0,0.00185489654541
352,0,0.00213003158569
353,0,0.00151896476746
354,0,0.00196504592896
355,0,0.00231003761292
356,0,0.00271391868591
357,0,0.00230407714844
358,0,0.00141310691833
359,0,0.00224709510803
360,0,0.00216698646545
361,0,0.00163602828979
362,0,0.0020649433136
363,0,0.00207996368408
364,0,0.00180196762085
365,0,0.00231194496155
366,0,0.00136399269104
367,0,0.00180196762085
368,0,0.00211882591248
369,0,0.00207901000977
370,0,0.00203704833984
371,0,0.00202012062073
372,0,0.00241279602051
373,0,0.00207114219666
374,0,0.00199007987976
375,0,0.0019998550415
376,0,0.0018458366394
377,0,0.00188803672791
378,0,0.00200891494751
379,0,0.00222110748291
380,0,0.00183296203613
381,0,0.00148391723633
382,0,0.00207090377808
383,0,0.00155401229858
384,0,0.00192189216614
385,0,0.00204515457153
386,0,0.00143313407898
387,0,0.00204515457153
388,0,0.00206208229065
389,0,0.00205612182617
390,0,0.00199794769287
391,0,0.00193095207214
392,0,0.00226306915283
393,0,0.00202512741089
394,0,0.00204300880432
395,0,0.00202894210815
396,0,0.0017728805542
397,0,0.0020740032196
398,0,0.00211095809937
399,0,0.00205183029175
400,0,0.00147390365601
401,0,0.00203704833984
402,0,0.00202298164368
403,0,0.00225305557251
404,0,0.00200390815735
405,0,0.00178694725037
406,0,0.00197410583496
407,0,0.00181603431702
408,0,0.00200414657593
409,0,0.00188994407654
410,0,0.00204992294312
411,0,0.00191807746887
412,0,0.00199604034424
413,0,0.00202202796936
414,0,0.00144290924072
415,0,0.00208806991577
416,0,0.00180006027222
417,0,0.00186085700989
418,0,0.00150895118713
419,0,0.00191807746887
420,0,0.00138807296753
421,0,0.00597310066223
422,0,0.00186800956726
423,0,0.00156998634338
424,0,0.00192904472351
425,0,0.00205302238464
426,0,0.00198698043823
427,0,0.0019679069519
428,0,0.00200295448303
429,0,0.00203394889832
430,0,0.00199604034424
431,0,0.00153994560242
432,0,0.0022439956665
433,0,0.00199699401855
434,0,0.00215697288513
435,0,0.00245094299316
436,0,0.00200605392456
437,0,0.00211000442505
438,0,0.00223302841187
439,0,0.00200700759888
440,0,0.00136590003967
441,0,0.0018458366394
442,0,0.00205898284912
443,0,0.00138401985168
444,0,0.00143098831177
445,0,0.00172400474548
446,0,0.00153088569641
447,0,0.0019359588623
448,0,0.00202298164368
449,0,0.00184202194214
450,0,0.00184106826782
451,0,0.00208806991577
452,0,0.00211691856384
453,0,0.00132298469543
454,0,0.0013279914856
455,0,0.00202608108521
456,0,0.00317788124084
457,0,0.00179815292358
458,0,0.0018470287323
459,0,0.00202608108521
460,0,0.00147080421448
461,0,0.0020580291748
462,0,0.00208687782288
463,0,0.00199913978577
464,0,0.00177597999573
465,0,0.00130605697632
466,0,0.00207710266113
467,0,0.0014169216156
468,0,0.0014910697937
469,0,0.00135278701782
470,0,0.00145697593689
471,0,0.00160789489746
472,0,0.00297689437866
473,0,0.00209712982178
474,0,0.00145411491394
475,0,0.00382304191589
476,0,0.00244784355164
477,0,0.00141000747681
478,0,0.00154304504395
479,0,0.00157189369202
480,0,0.00201797485352
481,0,0.00132012367249
482,0,0.00395393371582
483,0,0.00483703613281
484,0,0.00411796569824
485,0,0.00187015533447
486,0,0.00129294395447
487,0,0.00137710571289
488,0,0.00211000442505
489,0,0.00243306159973
490,0,0.00204515457153
491,0,0.00199007987976
492,0,0.00203609466553
493,0,0.00248289108276
494,0,0.00196504592896
495,0,0.00173091888428
496,0,0.0022919178009
497,0,0.00190591812134
498,0,0.00195002555847
499,0,0.00215196609497
500,0,0.00193190574646
501,0,0.00198793411255
502,0,0.00214195251465
503,0,0.00199103355408
504,0,0.00147604942322
505,0,0.00196599960327
506,0,0.00177717208862
507,0,0.062362909317
508,0,0.0017831325531
509,0,0.00202393531799
510,0,0.00254392623901
511,0,0.00172805786133
512,0,0.00197505950928
513,0,0.00135588645935
514,0,0.00192594528198
515,0,0.00204682350159
516,0,0.00193119049072
517,0,0.00175786018372
518,0,0.00208497047424
519,0,0.00200605392456
520,0,0.00236320495605
521,0,0.00197100639343
522,0,0.002445936203
523,0,0.0019679069519
524,0,0.00193786621094
525,0,0.00223898887634
526,0,0.00167202949524
527,0,0.00205111503601
528,0,0.00195693969727
529,0,0.00198316574097
530,0,0.0019359588623
531,0,0.00203013420105
532,0,0.00198602676392
533,0,0.00198912620544
534,0,0.00200700759888
535,0,0.00221514701843
536,0,0.00199103355408
537,0,0.00195693969727
538,0,0.00183296203613
539,0,0.00196695327759
540,0,0.00189208984375
541,0,0.0019838809967
542,0,0.00205397605896
543,0,0.00208306312561
544,0,0.00198698043823
545,0,0.00183010101318
546,0,0.00196218490601
547,0,0.00195002555847
548,0,0.00139689445496
549,0,0.00193881988525
550,0,0.00243592262268
551,0,0.00199198722839
552,0,0.00203394889832
553,0,0.00219011306763
554,0,0.00192403793335
555,0,0.00209879875183
556,0,0.00199508666992
557,0,0.00139880180359
558,0,0.00607919692993
559,0,0.0021960735321
560,0,0.002032995224
561,0,0.00171613693237
562,0,0.00147104263306
563,0,0.00195503234863
564,0,0.00201320648193
565,0,0.00202512741089
566,0,0.00197696685791
567,0,0.00193190574646
568,0,0.00144696235657
569,0,0.00180101394653
570,0,0.00194597244263
571,0,0.00132083892822
572,0,0.00178599357605
573,0,0.00189995765686
574,0,0.00197792053223
575,0,0.00134801864624
576,0,0.00138807296753
577,0,0.00192904472351
578,0,0.00148797035217
579,0,0.00145697593689
580,0,0.00194001197815
581,0,0.00203704833984
582,0,0.00145387649536
583,0,0.00192713737488
584,0,0.00206708908081
585,0,0.00131392478943
586,0,0.00190997123718
587,0,0.00196504592896
588,0,0.0013701915741
589,1,0.00236916542053
590,1,0.00188112258911
591,1,0.0019838809967
592,1,0.00136685371399
593,1,0.00133013725281
594,1,0.0020740032196
595,1,0.00212407112122
596,1,0.00223422050476
597,1,0.00208282470703
598,1,0.0020899772644
599,1,0.00204300880432
600,1,0.00138592720032
601,1,0.0017831325531
602,1,0.00203800201416
603,1,0.0019748210907
604,1,0.00201392173767
605,1,0.00205516815186
606,1,0.00194692611694
607,1,0.00213885307312
608,1,0.00197410583496
609,1,0.00199389457703
610,1,0.00130105018616
611,1,0.00185298919678
612,1,0.00193095207214
613,1,0.00195503234863
614,1,0.00196385383606
615,1,0.00204706192017
616,1,0.00194692611694
617,1,0.00197100639343
618,1,0.00191688537598
619,1,0.00249409675598
620,1,0.00198411941528
621,1,0.00236701965332
622,1,0.00194001197815
623,1,0.00150394439697
624,1,0.00177693367004
625,1,0.001296043396
626,1,0.0019850730896
627,1,0.00192999839783
628,1,0.00177001953125
629,1,0.00199604034424
630,1,0.00201010704041
631,1,0.00200700759888
632,1,0.00195789337158
633,1,0.00194096565247
634,1,0.00197196006775
635,1,0.00197315216064
636,1,0.00134420394897
637,1,0.00175499916077
638,1,0.00199890136719
639,1,0.00201892852783
640,1,0.00183582305908
641,1,0.00176191329956
642,1,0.00242495536804
643,1,0.00194716453552
644,1,0.0019690990448
645,1,0.00126791000366
646,1,0.00193786621094
647,1,0.00196313858032
648,1,0.00199484825134
649,1,0.00201606750488
650,1,0.00133800506592
651,1,0.00238180160522
652,1,0.00205707550049
653,1,0.00184416770935
654,1,0.0019371509552
655,1,0.00126791000366
656,1,0.00191307067871
657,1,0.00194787979126
658,1,0.00137615203857
659,1,0.00210809707642
660,1,0.00200796127319
661,1,0.00196599960327
662,1,0.00193190574646
663,1,0.00194597244263
664,1,0.00177979469299
665,1,0.00190901756287
666,1,0.00196695327759
667,1,0.0012571811676
668,1,0.00200581550598
669,1,0.00199103355408
670,1,0.00180292129517
671,1,0.00201916694641
672,1,0.00194001197815
673,1,0.00203013420105
674,1,0.00195598602295
675,1,0.00195121765137
676,1,0.00196003913879
677,1,0.00199198722839
678,1,0.00201082229614
679,1,0.00199699401855
680,1,0.00199413299561
681,1,0.00198912620544
682,1,0.00210690498352
683,1,0.00185513496399
684,1,0.0022029876709
685,1,0.00208592414856
686,1,0.00196695327759
687,1,0.00195813179016
688,1,0.00204992294312
689,1,0.00195908546448
690,1,0.00238394737244
691,1,0.00199103355408
692,1,0.00207781791687
693,1,0.00190401077271
694,1,0.00160908699036
695,1,0.00198292732239
696,1,0.00204205513
697,1,0.00199103355408
698,1,0.00172209739685
699,1,0.00124406814575
700,1,0.00124096870422
701,1,0.00203204154968
702,1,0.0018949508667
703,1,0.0019690990448
704,1,0.00191402435303
705,1,0.00199317932129
706,1,0.00203514099121
707,1,0.00191402435303
708,1,0.00200009346008
709,1,0.00192594528198
710,1,0.00186491012573
711,1,0.0023729801178
712,1,0.00204801559448
713,1,0.00203394889832
714,1,0.00185489654541
715,1,0.00200080871582
716,1,0.00136089324951
717,1,0.00203204154968
718,1,0.00220513343811
719,1,0.00199103355408
720,1,0.00472092628479
721,1,0.00205898284912
722,1,0.00199103355408
723,1,0.00248789787292
724,1,0.00205183029175
725,1,0.001953125
726,1,0.00195097923279
727,1,0.0019998550415
728,1,0.00203895568848
729,1,0.00199103355408
730,1,0.00128793716431
731,1,0.00322389602661
732,1,0.00203394889832
733,1,0.00198101997375
734,1,0.00196814537048
735,1,0.00195622444153
736,1,0.00170278549194
737,1,0.00198411941528
738,1,0.00194716453552
739,1,0.00194191932678
740,1,0.00196599960327
741,1,0.0018789768219
742,1,0.00192499160767
743,1,0.00193905830383
744,1,0.00234198570251
745,1,0.00204086303711
746,1,0.00198698043823
747,1,0.00129890441895
748,1,0.00184416770935
749,1,0.00251293182373
750,1,0.00196385383606
751,1,0.00202989578247
752,1,0.00191807746887
753,1,0.00187993049622
754,1,0.00201201438904
755,1,0.00194191932678
756,1,0.00136494636536
757,1,0.00196886062622
758,1,0.00195789337158
759,1,0.00198698043823
760,1,0.00200295448303
761,1,0.00194501876831
762,1,0.00210285186768
763,1,0.00198602676392
764,1,0.00197100639343
765,1,0.00178813934326
766,1,0.00200986862183
767,1,0.00197911262512
768,1,0.00227689743042
769,1,0.00202107429504
770,1,0.0019268989563
771,1,0.00132989883423
772,1,0.0020010471344
773,1,0.00194597244263
774,1,0.0055980682373
775,1,0.00200200080872
776,1,0.0012629032135
777,1,0.00203204154968
778,1,0.00197911262512
779,1,0.00195097923279
780,1,0.00201892852783
781,1,0.00196099281311
782,1,0.00200414657593
783,1,0.00197196006775
784,1,0.00202298164368
785,1,0.00231194496155
786,1,0.00199103355408
787,1,0.00196003913879
788,1,0.00221991539001
789,1,0.00196504592896
790,1,0.00172400474548
791,1,0.00199484825134
792,1,0.00206613540649
793,1,0.00136399269104
794,1,0.00312781333923
795,1,0.00184893608093
796,1,0.0018630027771
797,1,0.00233697891235
798,1,0.00173711776733
799,1,0.00197005271912
800,1,0.0019679069519
801,1,0.00204181671143
802,1,0.00199294090271
803,1,0.00216698646545
804,1,0.00194883346558
805,1,0.00193214416504
806,1,0.00243997573853
807,1,0.00200605392456
808,1,0.00199103355408
809,1,0.00212001800537
810,1,0.00183200836182
811,1,0.00210309028625
812,1,0.00201487541199
813,1,0.00193285942078
814,1,0.00240588188171
815,1,0.00207996368408
816,1,0.00126194953918
817,1,0.00209403038025
818,1,0.00251507759094
819,1,0.00196003913879
820,1,0.00190687179565
821,1,0.00204110145569
822,1,0.00245213508606
823,1,0.00200080871582
824,1,0.00126695632935
825,1,0.00166511535645
826,1,0.00197911262512
827,1,0.00195813179016
828,1,0.00199007987976
829,1,0.00194215774536
830,1,0.00236201286316
831,1,0.00195789337158
832,1,0.00206398963928
833,1,0.00194406509399
834,1,0.00252294540405
835,1,0.001953125
836,1,0.00204610824585
837,1,0.00151896476746
838,1,0.00185799598694
839,1,0.0024139881134
840,1,0.00191307067871
841,1,0.00184106826782
842,1,0.00194191932678
843,1,0.00127601623535
844,1,0.00241494178772
845,1,0.00194692611694
846,1,0.00272798538208
847,1,0.00179600715637
848,1,0.00147294998169
849,1,0.00136494636536
850,1,0.00137996673584
851,1,0.00304102897644
852,1,0.00277590751648
853,1,0.00188207626343
854,1,0.00195407867432
855,1,0.00177192687988
856,1,0.00200891494751
857,1,0.00200200080872
858,1,0.00190496444702
859,1,0.00228691101074
860,1,0.00146794319153
861,1,0.00197291374207
862,1,0.00178813934326
863,1,0.00196385383606
864,1,0.00179481506348
865,1,0.00196504592896
866,1,0.00199413299561
867,1,0.00194907188416
868,1,0.00200390815735
869,1,0.00197005271912
870,1,0.00192809104919
871,1,0.00192904472351
872,1,0.00201082229614
873,1,0.00197982788086
874,1,0.00248289108276
875,1,0.00197100639343
876,1,0.00194406509399
877,1,0.00196886062622
878,1,0.00197505950928
879,1,0.0012948513031
880,1,0.00204110145569
881,1,0.00203204154968
882,1,0.00216007232666
883,1,0.00196099281311
884,1,0.00138401985168
885,1,0.00218391418457
886,1,0.00192308425903
887,1,0.00197505950928
888,1,0.00201916694641
889,1,0.0020010471344
890,1,0.0019199848175
891,1,0.00197601318359
892,1,0.00186395645142
893,1,0.00192594528198
894,1,0.00192809104919
895,1,0.00177693367004
896,1,0.0020740032196
897,1,0.00197505950928
898,1,0.0019748210907
899,1,0.00161910057068
900,1,0.00159311294556
901,1,0.00169610977173
902,1,0.00174903869629
903,1,0.00184106826782
904,1,0.00171399116516
905,1,0.00176906585693
906,1,0.00170493125916
907,1,0.00138306617737
908,1,0.00139999389648
909,1,0.00202298164368
910,1,0.00200390815735
911,1,0.00209283828735
912,1,0.00206089019775
913,1,0.00182104110718
914,1,0.00177502632141
915,1,0.00168895721436
916,1,0.00196385383606
917,1,0.00170207023621
918,1,0.00169682502747
919,1,0.00218486785889
920,1,0.00172281265259
921,1,0.0016770362854
922,1,0.00197315216064
923,1,0.00181293487549
924,1,0.00217509269714
925,1,0.00128412246704
926,1,0.00135898590088
927,1,0.00205087661743
928,1,0.00226306915283
929,1,0.00191688537598
930,1,0.00126695632935
931,1,0.00193405151367
932,1,0.00181293487549
933,1,0.00190114974976
934,1,0.00196290016174
935,1,0.0024528503418
936,1,0.00205183029175
937,1,0.00209498405457
938,1,0.00196599960327
939,1,0.00235295295715
940,1,0.0019838809967
941,1,0.00231719017029
942,1,0.00199198722839
943,1,0.00198602676392
944,1,0.00197601318359
945,1,0.00198698043823
946,1,0.00216007232666
947,1,0.00199103355408
948,1,0.00125217437744
949,1,0.00195598602295
950,1,0.00192713737488
951,1,0.00245594978333
952,1,0.00192499160767
953,1,0.00180983543396
954,1,0.00204014778137
955,1,0.00200605392456
956,1,0.00142502784729
957,1,0.00136494636536
958,1,0.00193095207214
959,1,0.00232100486755
960,1,0.00199604034424
961,1,0.00211501121521
962,1,0.002357006073
963,1,0.00195121765137
964,1,0.00191402435303
965,1,0.00199699401855
966,1,0.00192189216614
967,1,0.00203919410706
968,1,0.00174903869629
969,1,0.00191807746887
970,1,0.00211501121521
971,1,0.00173091888428
972,1,0.00251317024231
973,1,0.00251007080078
974,1,0.00197505950928
975,1,0.00180387496948
976,1,0.00198483467102
977,1,0.00191402435303
978,1,0.00198578834534
979,1,0.00197911262512
980,1,0.00200986862183
981,1,0.00184202194214
982,1,0.00199699401855
983,1,0.00198006629944
984,1,0.00214910507202
985,1,0.00227904319763
986,1,0.00191116333008
987,1,0.00199413299561
988,1,0.00201201438904
989,1,0.00197601318359
990,1,0.00509786605835
991,1,0.00203680992126
992,1,0.00199699401855
993,1,0.00234007835388
994,1,0.00198411941528
995,1,0.00196313858032
996,1,0.00194001197815
997,1,0.00188302993774
998,1,0.00191593170166
999,1,0.00156307220459
1000,1,0.0019690990448
1001,1,0.00199699401855
1002,1,0.00200319290161
1003,1,0.00196194648743
1004,1,0.00199699401855
1005,1,0.00196099281311
1006,1,0.00202298164368
1007,1,0.00187587738037
1008,1,0.00199103355408
1009,1,0.00127005577087
1010,1,0.00124907493591
1011,1,0.00136995315552
1012,1,0.00198411941528
1013,1,0.00188684463501
1014,1,0.00195002555847
1015,1,0.00168418884277
1016,1,0.00240707397461
1017,1,0.00198101997375
1018,1,0.00213003158569
1019,1,0.00199294090271
1020,1,0.00201106071472
1021,1,0.0013108253479
1022,1,0.00194501876831
1023,1,0.00194597244263
1024,1,0.00133419036865
1025,1,0.00199389457703
1026,1,0.00192713737488
1027,1,0.00188684463501
1028,1,0.00233507156372
1029,1,0.0013599395752
1030,1,0.00206184387207
1031,1,0.00210499763489
1032,1,0.00212502479553
1033,1,0.00204086303711
1034,1,0.00232100486755
1035,1,0.00197100639343
1036,1,0.00141215324402
1037,1,0.00190901756287
1038,1,0.00177311897278
1039,1,0.00197601318359
1040,1,0.00196290016174
1041,1,0.00171089172363
1042,1,0.00199604034424
1043,1,0.00195980072021
1044,1,0.0019519329071
1045,1,0.00196814537048
1046,1,0.00199007987976
1047,1,0.00137495994568
1048,1,0.0023500919342
1049,1,0.00184488296509
1050,1,0.00198793411255
1051,1,0.00200986862183
1052,1,0.00199818611145
1053,1,0.00197100639343
1054,1,0.00213193893433
1055,1,0.00236201286316
1056,1,0.00199198722839
1057,1,0.00134301185608
1058,1,0.00195908546448
1059,1,0.0019268989563
1060,1,0.00199508666992
1061,1,0.00197100639343
1062,1,0.00199484825134
1063,1,0.00195503234863
1064,1,0.0023729801178
1065,1,0.00189709663391
1066,1,0.00199794769287
1067,1,0.00152993202209
1068,1,0.00136494636536
1069,1,0.00135087966919
1070,1,0.00186109542847
1071,1,0.00179600715637
1072,1,0.0013120174408
1073,1,0.00127410888672
1074,1,0.00184202194214
1075,1,0.00200819969177
1076,1,0.00175809860229
1077,1,0.0018470287323
1078,1,0.00126814842224
1079,1,0.0020740032196
1080,1,0.00206589698792
1081,1,0.00213408470154
1082,1,0.00216603279114
1083,1,0.00195097923279
1084,1,0.00198006629944
1085,1,0.00205612182617
1086,1,0.00178694725037
1087,1,0.0019850730896
1088,1,0.00194001197815
1089,1,0.00229787826538
1090,1,0.00200796127319
1091,1,0.0012481212616
1092,1,0.00150012969971
1093,1,0.00228190422058
1094,1,0.00230693817139
1095,1,0.00191402435303
1096,1,0.00194001197815
1097,1,0.00176095962524
1098,1,0.00196599960327
1099,1,0.00202679634094
1100,1,0.00202417373657
1101,1,0.00132083892822
1102,1,0.00198698043823
1103,1,0.0022120475769
1104,1,0.00244212150574
1105,1,0.00199484825134
1106,1,0.00209283828735
1107,1,0.00208806991577
1108,1,0.00202703475952
1109,1,0.0022931098938
1110,1,0.00200200080872
1111,1,0.00212812423706
1112,1,0.00234818458557
1113,1,0.00205993652344
1114,1,0.00189399719238
1115,1,0.00212001800537
1116,1,0.00222301483154
1117,1,0.00200605392456
1118,1,0.00149893760681
1119,1,0.00232005119324
1120,1,0.0019199848175
1121,1,0.00212001800537
1122,1,0.0022509098053
1123,1,0.00194597244263
1124,1,0.00194883346558
1125,1,0.00201606750488
1126,1,0.00203108787537
1127,1,0.00198698043823
1128,1,0.00199317932129
1129,1,0.00199317932129
1130,1,0.00226712226868
1131,1,0.00193190574646
1132,1,0.00143885612488
1133,1,0.0021710395813
1134,1,0.00200200080872
1135,1,0.00218105316162
1136,1,0.00128293037415
1137,1,0.00178098678589
1138,1,0.0019109249115
1139,1,0.00199604034424
1140,1,0.00208020210266
1141,1,0.00177192687988
1142,1,0.00198698043823
1143,1,0.00199604034424
1144,1,0.00232005119324
1145,1,0.00205898284912
1146,1,0.0014169216156
1147,1,0.00127100944519
1148,1,0.00203895568848
1149,1,0.00190711021423
1150,1,0.00144720077515
1151,1,0.00229787826538
1152,1,0.00195002555847
1153,1,0.0021550655365
1154,1,0.00204396247864
1155,1,0.00208902359009
1156,1,0.00210022926331
1157,1,0.00199198722839
1158,1,0.00220203399658
1159,1,0.00262594223022
1160,1,0.00197505950928
1161,1,0.00202608108521
1162,1,0.00198006629944
1163,1,0.00226593017578
1164,1,0.0021288394928
1165,1,0.00195407867432
1166,1,0.00165510177612
1167,1,0.00193500518799
1168,1,0.00191712379456
1169,1,0.00192093849182
1170,1,0.00186896324158
1171,1,0.00199604034424
1172,1,0.00218296051025
1173,1,0.00205779075623
1174,1,0.00200796127319
1175,1,0.00142908096313
1176,1,0.00205397605896
1177,1,0.00140690803528
1178,1,0.00144791603088
1179,1,0.00194501876831
1180,1,0.00206613540649
1181,1,0.002032995224
1182,1,0.00198888778687
1183,1,0.00199389457703
1184,1,0.0021870136261
1185,1,0.00192809104919
1186,1,0.00209498405457
1187,1,0.00206398963928
1188,1,0.00204491615295
1189,1,0.00199294090271
1190,1,0.00201010704041
1191,1,0.00194811820984
1192,1,0.00200605392456
1193,1,0.00193095207214
1194,1,0.00194382667542
1195,1,0.00195813179016
1196,1,0.00228905677795
1197,1,0.002032995224
1198,1,0.00189113616943
1199,1,0.00203704833984
1200,1,0.00140619277954
1201,1,0.00250601768494
1202,1,0.00216197967529
1203,1,0.00242209434509
1204,1,0.00529098510742
1205,1,0.00210118293762
1206,1,0.001296043396
1207,2,0.00128602981567
1208,2,0.00202488899231
1209,2,0.00213599205017
1210,2,0.00193405151367
1211,2,0.00198197364807
1212,2,0.00200295448303
1213,2,0.00137495994568
1214,2,0.00215578079224
1215,2,0.00242900848389
1216,2,0.00217485427856
1217,2,0.00182199478149
1218,2,0.00199604034424
1219,2,0.00205111503601
1220,2,0.00197291374207
1221,2,0.00188612937927
1222,2,0.00201010704041
1223,2,0.00197577476501
1224,2,0.00142812728882
1225,2,0.00195789337158
1226,2,0.00125503540039
1227,2,0.00193905830383
1228,2,0.00193309783936
1229,2,0.00192093849182
1230,2,0.00173211097717
1231,2,0.00199103355408
1232,2,0.00184202194214
1233,2,0.00240612030029
1234,2,0.00222182273865
1235,2,0.00206899642944
1236,2,0.00198101997375
1237,2,0.00192022323608
1238,2,0.00200700759888
1239,2,0.00229406356812
1240,2,0.00202202796936
1241,2,0.0020968914032
1242,2,0.00258111953735
1243,2,0.00129985809326
1244,2,0.00129103660583
1245,2,0.00175309181213
1246,2,0.00171995162964
1247,2,0.00197219848633
1248,2,0.00197505950928
1249,2,0.00215196609497
1250,2,0.00233602523804
1251,2,0.00199794769287
1252,2,0.00166702270508
1253,2,0.00229382514954
1254,2,0.00195693969727
1255,2,0.00200510025024
1256,2,0.00190997123718
1257,2,0.00191903114319
1258,2,0.00196290016174
1259,2,0.00189614295959
1260,2,0.00194191932678
1261,2,0.00196290016174
1262,2,0.00214505195618
1263,2,0.00126004219055
1264,2,0.00197887420654
1265,2,0.00191283226013
1266,2,0.00196290016174
1267,2,0.00195503234863
1268,2,0.00194191932678
1269,2,0.00240397453308
1270,2,0.00203895568848
1271,2,0.00175595283508
1272,2,0.00172281265259
1273,2,0.00211405754089
1274,2,0.00148487091064
1275,2,0.00140595436096
1276,2,0.00133895874023
1277,2,0.00128698348999
1278,2,0.00152897834778
1279,2,0.00198197364807
1280,2,0.0026638507843
1281,2,0.00198292732239
1282,2,0.00209999084473
1283,2,0.00185084342957
1284,2,0.00236010551453
1285,2,0.00127911567688
1286,2,0.00244283676147
1287,2,0.00186204910278
1288,2,0.00229907035828
1289,2,0.00270891189575
1290,2,0.00175189971924
1291,2,0.00240588188171
1292,2,0.00197601318359
1293,2,0.00194597244263
1294,2,0.00206208229065
1295,2,0.00179696083069
1296,2,0.00227093696594
1297,2,0.00123906135559
1298,2,0.00243902206421
1299,2,0.0022120475769
1300,2,0.00205397605896
1301,2,0.00232291221619
1302,2,0.00196313858032
1303,2,0.00203990936279
1304,2,0.00227093696594
1305,2,0.00133514404297
1306,2,0.00232100486755
1307,2,0.00199103355408
1308,2,0.00124883651733
1309,2,0.00187802314758
1310,2,0.00222206115723
1311,2,0.00197505950928
1312,2,0.00225591659546
1313,2,0.00234389305115
1314,2,0.00234794616699
1315,2,0.00201416015625
1316,2,0.001953125
1317,2,0.00141716003418
1318,2,0.00210499763489
1319,2,0.00276708602905
1320,2,0.00200319290161
1321,2,0.00248289108276
1322,2,0.00237202644348
1323,2,0.00177097320557
1324,2,0.00133585929871
1325,2,0.00228404998779
1326,2,0.00204992294312
1327,2,0.00209999084473
1328,2,0.00274085998535
1329,2,0.00200891494751
1330,2,0.0019519329071
1331,2,0.00180697441101
1332,2,0.00270891189575
1333,2,0.00171303749084
1334,2,0.00191688537598
1335,2,0.0023889541626
1336,2,0.00156593322754
1337,2,0.00189089775085
1338,2,0.00155401229858
1339,2,0.00128102302551
1340,2,0.00187611579895
1341,2,0.00140404701233
1342,2,0.00215101242065
1343,2,0.00226497650146
1344,2,0.00138187408447
1345,2,0.00183415412903
1346,2,0.00181579589844
1347,2,0.00190305709839
1348,2,0.00124502182007
1349,2,0.0015242099762
1350,2,0.00143980979919
1351,2,0.00170016288757
1352,2,0.00157999992371
1353,2,0.00204396247864
1354,2,0.00142788887024
1355,2,0.0036940574646
1356,2,0.00254702568054
1357,2,0.00202798843384
1358,2,0.00203609466553
1359,2,0.00167393684387
1360,2,0.00154709815979
1361,2,0.00148606300354
1362,2,0.00205612182617
1363,2,0.00169920921326
1364,2,0.00129294395447
1365,2,0.00209212303162
1366,2,0.00217580795288
1367,2,0.00128602981567
1368,2,0.00136709213257
1369,2,0.00175094604492
1370,2,0.00187706947327
1371,2,0.00146794319153
1372,2,0.00151991844177
1373,2,0.001384973526
1374,2,0.00193619728088
1375,2,0.00159502029419
1376,2,0.00232005119324
1377,2,0.00188612937927
1378,2,0.00297212600708
1379,2,0.00154399871826
1380,2,0.00175786018372
1381,2,0.0208430290222
1382,2,0.00221300125122
1383,2,0.00180697441101
1384,2,0.00524401664734
1385,2,0.00312519073486
1386,2,0.00214099884033
1387,2,0.00159287452698
1388,2,0.00295305252075
1389,2,0.00244903564453
1390,2,0.00179696083069
1391,2,0.00205898284912
1392,2,0.00165200233459
1393,2,0.00189900398254
1394,2,0.00170183181763
1395,2,0.00202703475952
1396,2,0.00159788131714
1397,2,0.00202202796936
1398,2,0.00200510025024
1399,2,0.00197696685791
1400,2,0.00199794769287
1401,2,0.00122690200806
1402,2,0.00196290016174
1403,2,0.00202298164368
1404,2,0.0021231174469
1405,2,0.00130796432495
1406,2,0.00206184387207
1407,2,0.00204300880432
1408,2,0.00192999839783
1409,2,0.0023341178894
1410,2,0.00166606903076
1411,2,0.00140905380249
1412,2,0.00163388252258
1413,2,0.00144410133362
1414,2,0.00611996650696
1415,2,0.00142812728882
1416,2,0.00143194198608
1417,2,0.00156116485596
1418,2,0.00138902664185
1419,2,0.001708984375
1420,2,0.00125908851624
1421,2,0.00154685974121
1422,2,0.00195813179016
1423,2,0.00160503387451
1424,2,0.00130701065063
1425,2,0.00132703781128
1426,2,0.00132989883423
1427,2,0.00163102149963
1428,2,0.0013279914856
1429,2,0.00139808654785
1430,2,0.00129795074463
1431,2,0.00134992599487
1432,2,0.00135707855225
1433,2,0.00129199028015
1434,2,0.0014591217041
1435,2,0.00127196311951
1436,2,0.00185418128967
1437,2,0.00147294998169
1438,2,0.00132012367249
1439,2,0.00135016441345
1440,2,0.00143218040466
1441,2,0.00138592720032
1442,2,0.0013370513916
1443,2,0.00136995315552
1444,2,0.00131487846375
1445,2,0.00130701065063
1446,2,0.00133514404297
1447,2,0.00146913528442
1448,2,0.00147294998169
1449,2,0.00138401985168
1450,2,0.0014340877533
1451,2,0.00156211853027
1452,2,0.00131583213806
1453,2,0.00255703926086
1454,2,0.00137400627136
1455,2,0.00191617012024
1456,2,0.00124502182007
1457,2,0.00236392021179
1458,2,0.00197792053223
1459,2,0.00184106826782
1460,2,0.00197410583496
1461,2,0.0019850730896
1462,2,0.00217604637146
1463,2,0.00172996520996
1464,2,0.0019679069519
1465,2,0.00198101997375
1466,2,0.00133514404297
1467,2,0.00125908851624
1468,2,0.00135803222656
1469,2,0.00139403343201
1470,2,0.00131797790527
1471,2,0.00201106071472
1472,2,0.00209712982178
1473,2,0.0021059513092
1474,2,0.00197100639343
1475,2,0.00126910209656
1476,2,0.00195288658142
1477,2,0.00192499160767
1478,2,0.00134515762329
1479,2,0.00511312484741
1480,2,0.00234985351562
1481,2,0.00226497650146
1482,2,0.00227093696594
1483,2,0.00130295753479
1484,2,0.00193691253662
1485,2,0.00175619125366
1486,2,0.00192284584045
1487,2,0.00180721282959
1488,2,0.00197100639343
1489,2,0.00163292884827
1490,2,0.00172400474548
1491,2,0.00136113166809
1492,2,0.00194501876831
1493,2,0.00200200080872
1494,2,0.00196003913879
1495,2,0.001953125
1496,2,0.00193500518799
1497,2,0.00217700004578
1498,2,0.00136089324951
1499,2,0.00130200386047
1500,2,0.00199604034424
1501,2,0.00127005577087
1502,2,0.00202703475952
1503,2,0.00196886062622
1504,2,0.00196504592896
1505,2,0.00203895568848
1506,2,0.00193095207214
1507,2,0.00202894210815
1508,2,0.00124406814575
1509,2,0.00192618370056
1510,2,0.00136804580688
1511,2,0.0020158290863
1512,2,0.00186109542847
1513,2,0.00197505950928
1514,2,0.00192403793335
1515,2,0.00178599357605
1516,2,0.00195002555847
1517,2,0.00238108634949
1518,2,0.00145101547241
1519,2,0.0020170211792
1520,2,0.00198817253113
1521,2,0.00197696685791
1522,2,0.0019690990448
1523,2,0.00198197364807
1524,2,0.00141286849976
1525,2,0.00209784507751
1526,2,0.00196099281311
1527,2,0.00193619728088
1528,2,0.00194692611694
1529,2,0.00174188613892
1530,2,0.00192308425903
1531,2,0.00244188308716
1532,2,0.00240182876587
1533,2,0.00191903114319
1534,2,0.00197911262512
1535,2,0.00199913978577
1536,2,0.00190806388855
1537,2,0.00128197669983
1538,2,0.00196194648743
1539,2,0.00199198722839
1540,2,0.00174498558044
1541,2,0.00191903114319
1542,2,0.00192999839783
1543,2,0.00202012062073
1544,2,0.00191593170166
1545,2,0.00179004669189
1546,2,0.00194597244263
1547,2,0.00193405151367
1548,2,0.00123691558838
1549,2,0.00125503540039
1550,2,0.00192904472351
1551,2,0.00240588188171
1552,2,0.00197291374207
1553,2,0.00223183631897
1554,2,0.00176286697388
1555,2,0.00200796127319
1556,2,0.00197696685791
1557,2,0.00189614295959
1558,2,0.00199794769287
1559,2,0.00123691558838
1560,2,0.00197100639343
1561,2,0.00197005271912
1562,2,0.00171208381653
1563,2,0.00240421295166
1564,2,0.00192499160767
1565,2,0.00124502182007
1566,2,0.00196194648743
1567,2,0.0012378692627
1568,2,0.00195789337158
1569,2,0.00179982185364
1570,2,0.00194501876831
1571,2,0.0012731552124
1572,2,0.00134015083313
1573,2,0.00196313858032
1574,2,0.0019359588623
1575,2,0.00195598602295
1576,2,0.00194692611694
1577,2,0.00194597244263
1578,2,0.0019588470459
1579,2,0.00203800201416
1580,2,0.00221300125122
1581,2,0.00197005271912
1582,2,0.00192999839783
1583,2,0.00193381309509
1584,2,0.00122094154358
1585,2,0.00188589096069
1586,2,0.00244092941284
1587,2,0.00182890892029
1588,2,0.00231885910034
1589,2,0.00200390815735
1590,2,0.00194907188416
1591,2,0.0019850730896
1592,2,0.00202488899231
1593,2,0.00200414657593
1594,2,0.00198912620544
1595,2,0.00207710266113
1596,2,0.0019519329071
1597,2,0.0019838809967
1598,2,0.00218892097473
1599,2,0.00197315216064
1600,2,0.00199103355408
1601,2,0.00825500488281
1602,2,0.00201010704041
1603,2,0.00178694725037
1604,2,0.00193881988525
1605,2,0.00195097923279
1606,2,0.00201296806335
1607,2,0.0020010471344
1608,2,0.00199103355408
1609,2,0.00196194648743
1610,2,0.00195503234863
1611,2,0.00195598602295
1612,2,0.00196194648743
1613,2,0.00131583213806
1614,2,0.002357006073
1615,2,0.00128984451294
1616,2,0.00177097320557
1617,2,0.00170397758484
1618,2,0.00168609619141
1619,2,0.00173592567444
1620,2,0.00381708145142
1621,2,0.00168108940125
1622,2,0.0016930103302
1623,2,0.00173211097717
1624,2,0.00168395042419
1625,2,0.00179386138916
1626,2,0.00166702270508
1627,2,0.0016610622406
1628,2,0.00170493125916
1629,2,0.00125002861023
1630,2,0.00169992446899
1631,2,0.00174283981323
1632,2,0.00171494483948
1633,2,0.00168800354004
1634,2,0.00165605545044
1635,2,0.00173497200012
1636,2,0.0017249584198
1637,2,0.00199103355408
1638,2,0.00136303901672
1639,2,0.00193405151367
1640,2,0.00224685668945
1641,2,0.00194907188416
1642,2,0.00204014778137
1643,2,0.00208210945129
1644,2,0.00197100639343
1645,2,0.0021231174469
1646,2,0.00193619728088
1647,2,0.00172805786133
1648,2,0.00238704681396
1649,2,0.00193691253662
1650,2,0.00236296653748
1651,2,0.0020010471344
1652,2,0.00194692611694
1653,2,0.00174617767334
1654,2,0.0018892288208
1655,2,0.00133013725281
1656,2,0.00203108787537
1657,2,0.00172400474548
1658,2,0.00301313400269
1659,2,0.0019109249115
1660,2,0.00138711929321
1661,2,0.00204396247864
1662,2,0.00212097167969
1663,2,0.00178408622742
1664,2,0.00741791725159
1665,2,0.00197410583496
1666,2,0.00199794769287
1667,2,0.00189805030823
1668,2,0.00199317932129
1669,2,0.00197792053223
1670,2,0.00193405151367
1671,2,0.00142788887024
1672,2,0.00232601165771
1673,2,0.00201106071472
1674,2,0.00240302085876
1675,2,0.00212502479553
1676,2,0.0020010471344
1677,2,0.00210905075073
1678,2,0.00238800048828
1679,2,0.00319218635559
1680,2,0.00209712982178
1681,2,0.00139999389648
1682,2,0.00195693969727
1683,2,0.00224304199219
1684,2,0.00201892852783
1685,2,0.00194811820984
1686,2,0.0019679069519
1687,2,0.00189995765686
1688,2,0.00193095207214
1689,2,0.00206184387207
1690,2,0.00199794769287
1691,2,0.00198793411255
1692,2,0.00201606750488
1693,2,0.00232291221619
1694,2,0.00196409225464
1695,2,0.0019359588623
1696,2,0.0020580291748
1697,2,0.00189900398254
1698,2,0.0018789768219
1699,2,0.0851109027863
1700,2,0.00232100486755
1701,2,0.00304579734802
1702,2,0.0029878616333
1703,2,0.00212097167969
1704,2,0.00193905830383
1705,2,0.00255990028381
1706,2,0.00128293037415
1707,2,0.00130200386047
1708,2,0.00214695930481
1709,2,0.00201988220215
1710,2,0.00135803222656
1711,2,0.00172114372253
1712,2,0.00173807144165
1713,2,0.00356817245483
1714,2,0.00657796859741
1715,2,0.00250196456909
1716,2,0.00200700759888
1717,2,0.00443315505981
1718,2,0.00206089019775
1719,2,0.00196886062622
1720,2,0.00561690330505
1721,2,0.00295805931091
1722,2,0.00252604484558
1723,2,0.00453305244446
1724,2,0.00239515304565
1725,2,0.00192189216614
1726,2,0.00228595733643
1727,2,0.00263905525208
1728,2,0.00849509239197
1729,2,0.00179290771484
1730,2,0.00756502151489
1731,2,0.00232100486755
1732,2,0.0022668838501
1733,2,0.0043740272522
1734,2,0.00240397453308
1735,2,0.00201320648193
1736,2,0.0024790763855
1737,2,0.00225305557251
1738,2,0.00513005256653
1739,2,0.00345897674561
1740,2,0.0026068687439
1741,3,0.0021870136261
1742,3,0.0104610919952
1743,3,0.00304818153381
1744,3,0.00181984901428
1745,3,0.00214910507202
1746,3,0.0020809173584
1747,3,0.00169396400452
1748,3,0.00191211700439
1749,3,0.00193810462952
1750,3,0.00201010704041
1751,3,0.00199389457703
1752,3,0.00194883346558
1753,3,0.00240111351013
1754,3,0.00201511383057
1755,3,0.00397801399231
1756,3,0.00271606445312
1757,3,0.00313806533813
1758,3,0.00185799598694
1759,3,0.00226211547852
1760,3,0.00385093688965
1761,3,0.0017991065979
1762,3,0.00140690803528
1763,3,0.00139498710632
1764,3,0.002357006073
1765,3,0.00198411941528
1766,3,0.00194215774536
1767,3,0.00235199928284
1768,3,0.00661301612854
1769,3,0.00238013267517
1770,3,0.00194692611694
1771,3,0.00202298164368
1772,3,0.0182490348816
1773,3,0.00151205062866
1774,3,0.00192904472351
1775,3,0.00151896476746
1776,3,0.00192499160767
1777,3,0.00244092941284
1778,3,0.00196194648743
1779,3,0.00192189216614
1780,3,0.00138902664185
1781,3,0.00198888778687
1782,3,0.00176787376404
1783,3,0.00191688537598
1784,3,0.00172305107117
1785,3,0.00197005271912
1786,3,0.00191903114319
1787,3,0.00193285942078
1788,3,0.00196504592896
1789,3,0.00197005271912
1790,3,0.00202798843384
1791,3,0.00203204154968
1792,3,0.00193095207214
1793,3,0.00215792655945
1794,3,0.00199103355408
1795,3,0.00201296806335
1796,3,0.00132608413696
1797,3,0.00202393531799
1798,3,0.00201797485352
1799,3,0.00197410583496
1800,3,0.00198101997375
1801,3,0.00199890136719
1802,3,0.00206089019775
1803,3,0.0020740032196
1804,3,0.00199604034424
1805,3,0.00125885009766
1806,3,0.00125193595886
1807,3,0.0018208026886
1808,3,0.00174784660339
1809,3,0.00196981430054
1810,3,0.00151586532593
1811,3,0.00169396400452
1812,3,0.00200796127319
1813,3,0.0019359588623
1814,3,0.0014021396637
1815,3,0.00158405303955
1816,3,0.00198101997375
1817,3,0.00196981430054
1818,3,0.00177693367004
1819,3,0.0019359588623
1820,3,0.00198698043823
1821,3,0.00140810012817
1822,3,0.0100519657135
1823,3,0.00204205513
1824,3,0.00141501426697
1825,3,0.00206685066223
1826,3,0.00197100639343
1827,3,0.00190782546997
1828,3,0.00194191932678
1829,3,0.0019850730896
1830,3,0.00169515609741
1831,3,0.00187802314758
1832,3,0.00205492973328
1833,3,0.00214600563049
1834,3,0.00194597244263
1835,3,0.00198912620544
1836,3,0.00198316574097
1837,3,0.00195980072021
1838,3,0.00210404396057
1839,3,0.00130486488342
1840,3,0.00156283378601
1841,3,0.0020489692688
1842,3,0.0019690990448
1843,3,0.00132393836975
1844,3,0.00130295753479
1845,3,0.00202703475952
1846,3,0.00190782546997
1847,3,0.00196599960327
1848,3,0.00190591812134
1849,3,0.00191187858582
1850,3,0.00194811820984
1851,3,0.00191688537598
1852,3,0.00192308425903
1853,3,0.00202107429504
1854,3,0.00192999839783
1855,3,0.0019588470459
1856,3,0.00177001953125
1857,3,0.00193905830383
1858,3,0.00186991691589
1859,3,0.00189805030823
1860,3,0.00193810462952
1861,3,0.00203013420105
1862,3,0.00189900398254
1863,3,0.00190901756287
1864,3,0.00204300880432
1865,3,0.00175714492798
1866,3,0.00200390815735
1867,3,0.001953125
1868,3,0.00201988220215
1869,3,0.00197815895081
1870,3,0.00198006629944
1871,3,0.00185179710388
1872,3,0.00190591812134
1873,3,0.0019907951355
1874,3,0.00194811820984
1875,3,0.00197100639343
1876,3,0.00194501876831
1877,3,0.0018949508667
1878,3,0.0019679069519
1879,3,0.00195097923279
1880,3,0.0019588470459
1881,3,0.00197911262512
1882,3,0.00192499160767
1883,3,0.00196194648743
1884,3,0.00200319290161
1885,3,0.00187802314758
1886,3,0.00190114974976
1887,3,0.0019679069519
1888,3,0.00192189216614
1889,3,0.00188398361206
1890,3,0.00201392173767
1891,3,0.00193500518799
1892,3,0.00194907188416
1893,3,0.00198721885681
1894,3,0.00193500518799
1895,3,0.00191903114319
1896,3,0.00195097923279
1897,3,0.0311980247498
1898,3,0.00193190574646
1899,3,0.00180101394653
1900,3,0.00204110145569
1901,3,0.0020010471344
1902,3,0.00200080871582
1903,3,0.00193905830383
1904,3,0.00188589096069
1905,3,0.0130939483643
1906,3,0.00196099281311
1907,3,0.00206089019775
1908,3,0.00198292732239
1909,3,0.00190806388855
1910,3,0.00189805030823
1911,3,0.00191211700439
1912,3,0.00193119049072
1913,3,0.00200009346008
1914,3,0.00203800201416
1915,3,0.00190591812134
1916,3,0.0020580291748
1917,3,0.00191783905029
1918,3,0.00181293487549
1919,3,0.00199198722839
1920,3,0.00195622444153
1921,3,0.00192379951477
1922,3,0.00196504592896
1923,3,0.00194787979126
1924,3,0.00197100639343
1925,3,0.00199103355408
1926,3,0.00199389457703
1927,3,0.0020010471344
1928,3,0.00183892250061
1929,3,0.00198793411255
1930,3,0.0019359588623
1931,3,0.00190591812134
1932,3,0.00200605392456
1933,3,0.00209593772888
1934,3,0.00198698043823
1935,3,0.00140690803528
1936,3,0.00190591812134
1937,3,0.00331401824951
1938,3,0.00192499160767
1939,3,0.00200414657593
1940,3,0.00203895568848
1941,3,0.0019359588623
1942,3,0.00200200080872
1943,3,0.00196886062622
1944,3,0.00194501876831
1945,3,0.00201487541199
1946,3,0.00195407867432
1947,3,0.00198197364807
1948,3,0.00208806991577
1949,3,0.0019268989563
1950,3,0.00132298469543
1951,3,0.00195384025574
1952,3,0.00126695632935
1953,3,0.0020968914032
1954,3,0.00130391120911
1955,3,0.00202012062073
1956,3,0.00189900398254
1957,3,0.00197005271912
1958,3,0.00190997123718
1959,3,0.00190401077271
1960,3,0.00194096565247
1961,3,0.00195407867432
1962,3,0.00137686729431
1963,3,0.00154399871826
1964,3,0.00129389762878
1965,3,0.00135517120361
1966,3,0.00196194648743
1967,3,0.00147604942322
1968,3,0.00183582305908
1969,3,0.00229597091675
1970,3,0.00198483467102
1971,3,0.00194096565247
1972,3,0.00199007987976
1973,3,0.00136780738831
1974,3,0.00195789337158
1975,3,0.00196099281311
1976,3,0.00196099281311
1977,3,0.00193977355957
1978,3,0.00197601318359
1979,3,0.00205898284912
1980,3,0.00184202194214
1981,3,0.00197792053223
1982,3,0.00204110145569
1983,3,0.00184917449951
1984,3,0.00194406509399
1985,3,0.00198698043823
1986,3,0.00188302993774
1987,3,0.00193905830383
1988,3,0.00246119499207
1989,3,0.00250792503357
1990,3,0.0019519329071
1991,3,0.0019838809967
1992,3,0.00191497802734
1993,3,0.00133395195007
1994,3,0.00191116333008
1995,3,0.00198006629944
1996,3,0.00193309783936
1997,3,0.00195908546448
1998,3,0.00190782546997
1999,3,0.00207304954529
2000,3,0.00196409225464
2001,3,0.00197005271912
2002,3,0.00212001800537
2003,3,0.00194692611694
2004,3,0.00134491920471
2005,3,0.00218987464905
2006,3,0.00195813179016
2007,3,0.00210785865784
2008,3,0.00199317932129
2009,3,0.00195097923279
2010,3,0.00208497047424
2011,3,0.0020649433136
2012,3,0.00211000442505
2013,3,0.00179505348206
2014,3,0.00196599960327
2015,3,0.00197219848633
2016,3,0.00202393531799
2017,3,0.00202894210815
2018,3,0.00199580192566
2019,3,0.00205588340759
2020,3,0.00196003913879
2021,3,0.0019679069519
2022,3,0.0055890083313
2023,3,0.00233507156372
2024,3,0.00202083587646
2025,3,0.00204801559448
2026,3,0.00196695327759
2027,3,0.00143003463745
2028,3,0.00192499160767
2029,3,0.00192213058472
2030,3,0.00203704833984
2031,3,0.00216007232666
2032,3,0.00197696685791
2033,3,0.00199794769287
2034,3,0.00142192840576
2035,3,0.00198006629944
2036,3,0.00202512741089
2037,3,0.00193285942078
2038,3,0.00173401832581
2039,3,0.00142908096313
2040,3,0.00144505500793
2041,3,0.00134491920471
2042,3,0.00194096565247
2043,3,0.00192189216614
2044,3,0.0022919178009
2045,3,0.00147390365601
2046,3,0.00200915336609
2047,3,0.00210094451904
2048,3,0.00202298164368
2049,3,0.00129389762878
2050,3,0.00201392173767
2051,3,0.00166511535645
2052,3,0.00146508216858
2053,3,0.00172400474548
2054,3,0.0019690990448
2055,3,0.00146007537842
2056,3,0.00130105018616
2057,3,0.00130200386047
2058,3,0.00166606903076
2059,3,0.00137495994568
2060,3,0.00136089324951
2061,3,0.00138711929321
2062,3,0.00130414962769
2063,3,0.002032995224
2064,3,0.00199198722839
2065,3,0.00210618972778
2066,3,0.00202393531799
2067,3,0.00202989578247
2068,3,0.00134110450745
2069,3,0.00204300880432
2070,3,0.00166416168213
2071,3,0.00130677223206
2072,3,0.00140595436096
2073,3,0.00149917602539
2074,3,0.0014009475708
2075,3,0.00151085853577
2076,3,0.00256299972534
2077,3,0.00237107276917
2078,3,0.00149703025818
2079,3,0.00214004516602
2080,3,0.00134682655334
2081,3,0.00139212608337
2082,3,0.00207209587097
2083,3,0.00148797035217
2084,3,0.00209808349609
2085,3,0.00339984893799
2086,3,0.0014910697937
2087,3,0.00262904167175
2088,3,0.002121925354
2089,3,0.00147795677185
2090,3,0.00200605392456
2091,3,0.0020649433136
2092,3,0.00196814537048
2093,3,0.00199699401855
2094,3,0.0020580291748
2095,3,0.00196194648743
2096,3,0.0019838809967
2097,3,0.00250101089478
2098,3,0.00243997573853
2099,3,0.00128078460693
2100,3,0.00197005271912
2101,3,0.00217199325562
2102,3,0.00223302841187
2103,3,0.00201487541199
2104,3,0.00199103355408
2105,3,0.00190496444702
2106,3,0.00221514701843
2107,3,0.00179600715637
2108,3,0.00204491615295
2109,3,0.00361108779907
2110,3,0.00280094146729
2111,3,0.00187206268311
2112,3,0.00187206268311
2113,3,0.00217795372009
2114,3,0.00206780433655
2115,3,0.00195813179016
2116,3,0.00208282470703
2117,3,0.00190997123718
2118,3,0.00123882293701
2119,3,0.00197601318359
2120,3,0.00195503234863
2121,3,0.00197100639343
2122,3,0.00198912620544
2123,3,0.00189208984375
2124,3,0.00198197364807
2125,3,0.00194811820984
2126,3,0.00193500518799
2127,3,0.00191593170166
2128,3,0.00199317932129
2129,3,0.00198984146118
2130,3,0.00157809257507
2131,3,0.00178408622742
2132,3,0.00178289413452
2133,3,0.00187492370605
2134,3,0.00194621086121
2135,3,0.00129008293152
2136,3,0.00145292282104
2137,3,0.00190711021423
2138,3,0.00225615501404
2139,3,0.00202703475952
2140,3,0.00197720527649
2141,3,0.00170183181763
2142,3,0.00220608711243
2143,3,0.00196480751038
2144,3,0.00159192085266
2145,3,0.00194621086121
2146,3,0.00195384025574
2147,3,0.00189399719238
2148,3,0.00195002555847
2149,3,0.00129699707031
2150,3,0.00195598602295
2151,3,0.00206708908081
2152,3,0.00178599357605
2153,3,0.0013279914856
2154,3,0.00127506256104
2155,3,0.00197792053223
2156,3,0.00234889984131
2157,3,0.00188088417053
2158,3,0.00232911109924
2159,3,0.00182104110718
2160,3,0.00140690803528
2161,3,0.00237703323364
2162,3,0.00132393836975
2163,3,0.00199484825134
2164,3,0.00197005271912
2165,3,0.00201392173767
2166,3,0.0019428730011
2167,3,0.00195097923279
2168,3,0.00193405151367
2169,3,0.00223612785339
2170,3,0.00199413299561
2171,3,0.00189685821533
2172,3,0.00199699401855
2173,3,0.00198888778687
2174,3,0.00192093849182
2175,3,0.0021710395813
2176,3,0.0020740032196
2177,3,0.00200390815735
2178,3,0.00186395645142
2179,3,0.00198912620544
2180,3,0.00202798843384
2181,3,0.00196599960327
2182,3,0.00199794769287
2183,3,0.00195288658142
2184,3,0.00191187858582
2185,3,0.00185704231262
2186,3,0.00197386741638
2187,3,0.00192618370056
2188,3,0.0021710395813
2189,3,0.00211000442505
2190,3,0.00199890136719
2191,3,0.00201416015625
2192,3,0.00207304954529
2193,3,0.00196099281311
2194,3,0.00205898284912
2195,3,0.00203204154968
2196,3,0.00191211700439
2197,3,0.00187206268311
2198,3,0.00197386741638
2199,3,0.00194001197815
2200,3,0.00195002555847
2201,3,0.00200700759888
2202,3,0.00196599960327
2203,3,0.00185704231262
2204,3,0.00195813179016
2205,3,0.00190615653992
2206,3,0.0019199848175
2207,3,0.00197696685791
2208,3,0.00193500518799
2209,3,0.0020580291748
2210,3,0.0019679069519
2211,3,0.00195789337158
2212,3,0.00200796127319
2213,3,0.00201916694641
2214,3,0.00192618370056
2215,3,0.0014169216156
2216,3,0.00150108337402
2217,3,0.00177097320557
2218,3,0.00130581855774
2219,3,0.00510597229004
2220,3,0.00196194648743
2221,3,0.00193095207214
2222,3,0.00192594528198
2223,3,0.00201106071472
2224,3,0.00193405151367
2225,3,0.00200796127319
2226,3,0.00202989578247
2227,3,0.00201416015625
2228,3,0.00201201438904
2229,3,0.00189399719238
2230,3,0.0020580291748
2231,3,0.00195789337158
2232,3,0.0013279914856
2233,3,0.00194501876831
2234,3,0.00171804428101
2235,3,0.00228810310364
2236,3,0.00219178199768
2237,3,0.00197505950928
2238,3,0.00198698043823
2239,3,0.00197792053223
2240,3,0.00198101997375
2241,3,0.00135016441345
2242,3,0.00129199028015
2243,3,0.00266098976135
2244,3,0.00199413299561
2245,3,0.00191187858582
2246,3,0.00197887420654
2247,3,0.00155901908875
2248,3,0.00135517120361
2249,3,0.00201296806335
2250,3,0.00256013870239
2251,3,0.0014979839325
2252,3,0.00148797035217
2253,3,0.00134801864624
2254,3,0.00182795524597
2255,3,0.00177907943726
2256,3,0.00236892700195
2257,3,0.00213289260864
2258,3,0.00195908546448
2259,3,0.00193500518799
2260,3,0.00130486488342
2261,3,0.0019428730011
2262,3,0.00141501426697
2263,3,0.00177216529846
2264,3,0.0012800693512
2265,3,0.00129008293152
2266,3,0.00142216682434
2267,3,0.00130605697632
2268,3,0.00175094604492
2269,3,0.00135493278503
2270,3,0.00177407264709
2271,3,0.00194883346558
2272,3,0.0013599395752
2273,3,0.00197601318359
2274,3,0.00202584266663
2275,3,0.00157618522644
2276,3,0.00187802314758
2277,3,0.00216794013977
2278,3,0.00196003913879
2279,3,0.00195407867432
2280,3,0.00188207626343
2281,3,0.00150609016418
2282,3,0.00146007537842
2283,3,0.00171208381653
2284,3,0.00175905227661
2285,3,0.00197410583496
2286,3,0.00146484375
2287,3,0.00126695632935
2288,3,0.0019519329071
2289,3,0.0026159286499
2290,3,0.00143694877625
2291,3,0.00132894515991
2292,3,0.00173807144165
2293,3,0.00224208831787
2294,3,0.00199007987976
2295,3,0.00198793411255
2296,3,0.00200510025024
2297,3,0.00130081176758
2298,3,0.00129199028015
2299,3,0.00196480751038
2300,3,0.0020649433136
2301,3,0.00195598602295
2302,3,0.00136995315552
2303,3,0.00201797485352
2304,3,0.0017249584198
2305,3,0.00197100639343
2306,3,0.00180506706238
2307,3,0.00192594528198
2308,3,0.00196695327759
2309,3,0.00193285942078
2310,3,0.00193810462952
2311,3,0.00193786621094
2312,3,0.00195503234863
2313,3,0.00129294395447
2314,3,0.00201296806335
2315,3,0.00195503234863
2316,3,0.0569911003113
2317,3,0.00193905830383
2318,3,0.00197505950928
2319,3,0.00190091133118
2320,3,0.00211906433105
2321,3,0.00203084945679
2322,3,0.001797914505
2323,3,0.00179505348206
2324,3,0.00180196762085
2325,3,0.00126981735229
2326,3,0.00132989883423
2327,3,0.00193190574646
2328,3,0.00145101547241
2329,3,0.00190901756287
2330,3,0.00237607955933
2331,3,0.00130391120911
2332,3,0.0022439956665
2333,3,0.00197696685791
2334,3,0.00200891494751
2335,3,0.00196695327759
2336,3,0.00193691253662
2337,3,0.0018150806427
2338,3,0.00206518173218
2339,3,0.00189781188965
2340,3,0.00194501876831
2341,3,0.00203609466553
2342,3,0.00188994407654
2343,3,0.00198698043823
2344,3,0.00207805633545
2345,3,0.00203800201416
2346,3,0.00199198722839
2347,3,0.00187492370605
2348,3,0.0687971115112
2349,3,0.00197601318359
2350,3,0.00137615203857
2351,3,0.0018630027771
2352,3,0.00211000442505
2353,3,0.00185418128967
2354,3,0.00194096565247
2355,3,0.00197601318359
2356,3,0.00197410583496
2357,3,0.00217199325562
2358,3,0.00195908546448
2359,3,0.0019850730896
2360,3,0.00192403793335
2361,3,0.00182914733887
2362,3,0.00181794166565
2363,3,0.00175285339355
2364,3,0.00166296958923
2365,3,0.00195908546448
2366,3,0.00205206871033
2367,3,0.00180315971375
2368,3,0.00199580192566
2369,3,0.00129985809326
2370,3,0.00217914581299
2371,3,0.00201487541199
2372,3,0.00213003158569
2373,3,0.00192379951477
2374,3,0.00187397003174
2375,3,0.00189018249512
2376,3,0.00125408172607
2377,3,0.00202298164368
2378,3,0.00192403793335
2379,3,0.00177097320557
2380,3,0.00205302238464
2381,3,0.00199508666992
2382,3,0.0019371509552
2383,3,0.00250005722046
2384,3,0.00198793411255
2385,3,0.00221395492554
2386,3,0.00139808654785
2387,3,0.00131297111511
2388,3,0.00188994407654
2389,3,0.00202488899231
2390,3,0.00206303596497
2391,3,0.0013689994812
2392,3,0.00196409225464
2393,3,0.00225114822388
2394,3,0.00182580947876
2395,3,0.00187587738037
2396,3,0.00128817558289
2397,3,0.00137615203857
2398,3,0.00204110145569
2399,3,0.00193190574646
2400,3,0.00192999839783
2401,3,0.00194787979126
2402,3,0.00192785263062
2403,3,0.00196385383606
2404,3,0.00156307220459
2405,3,0.00207209587097
2406,3,0.00180888175964
2407,3,0.0019850730896
2408,3,0.00206089019775
2409,3,0.00205087661743
2410,3,0.00129914283752
2411,3,0.00256395339966
2412,3,0.00633001327515
2413,3,0.00194001197815
2414,3,0.00195503234863
2415,3,0.00190496444702
2416,3,0.00198698043823
2417,3,0.0019519329071
2418,3,0.00197696685791
2419,3,0.00196123123169
2420,3,0.00249004364014
2421,3,0.00186705589294
2422,3,0.00195097923279
2423,3,0.00200796127319
2424,3,0.00209903717041
2425,3,0.00214004516602
2426,3,0.00212812423706
2427,3,0.0025269985199
2428,3,0.0019109249115
2429,3,0.00231885910034
2430,3,0.00204682350159
2431,3,0.00210094451904
2432,3,0.00175380706787
2433,3,0.00145506858826
2434,3,0.00198602676392
2435,3,0.00171589851379
2436,3,0.00136685371399
2437,3,0.00200414657593
2438,3,0.00193190574646
2439,3,0.00210499763489
2440,3,0.0019690990448
2441,3,0.00209712982178
2442,3,0.0019679069519
2443,3,0.00179481506348
2444,3,0.00192093849182
2445,3,0.00192308425903
2446,3,0.0019679069519
2447,3,0.00200510025024
2448,3,0.00174498558044
2449,3,0.00186109542847
2450,3,0.00202608108521
2451,3,0.00149297714233
2452,3,0.00177788734436
2453,3,0.00216794013977
2454,3,0.00136709213257
2455,3,0.00175094604492
2456,3,0.00130796432495
2457,3,0.00227022171021
2458,3,0.00207901000977
2459,3,0.002032995224
2460,3,0.00194907188416
2461,3,0.00204300880432
2462,3,0.00187993049622
2463,3,0.00194597244263
2464,3,0.00221705436707
2465,3,0.00178098678589
2466,3,0.0020489692688
2467,3,0.00178813934326
2468,3,0.00194191932678
2469,3,0.00134515762329
2470,3,0.0020740032196
2471,3,0.00212001800537
2472,3,0.00196981430054
2473,3,0.00142407417297
2474,3,0.00231099128723
2475,3,0.0023410320282
2476,3,0.00242710113525
2477,3,0.00202894210815
2478,3,0.00196599960327
2479,3,0.00199413299561
2480,3,0.00193285942078
2481,3,0.00200605392456
2482,3,0.00195002555847
2483,3,0.00182509422302
2484,3,0.00185608863831
2485,3,0.00196981430054
2486,3,0.00187492370605
2487,3,0.00197291374207
2488,3,0.00173902511597
2489,3,0.001797914505
2490,3,0.00192594528198
2491,3,0.00194597244263
2492,3,0.00215792655945
2493,3,0.00199103355408
2494,3,0.00202798843384
2495,3,0.00206589698792
2496,3,0.00139784812927
2497,3,0.00197100639343
2498,3,0.00196194648743
2499,3,0.00197100639343
2500,3,0.00202989578247
2501,3,0.00166702270508
2502,3,0.00200796127319
2503,3,0.00173401832581
2504,3,0.00199580192566
2505,3,0.00200986862183
2506,3,0.00195384025574
2507,3,0.00194096565247
2508,3,0.00206589698792
2509,3,0.00202989578247
2510,3,0.00174617767334
2511,3,0.00200390815735
2512,3,0.0019519329071
2513,3,0.00180888175964
2514,3,0.0019690990448
2515,3,0.00181794166565
2516,3,0.00139594078064
2517,3,0.00209999084473
2518,3,0.00194191932678
2519,3,0.00201511383057
2520,3,0.00213217735291
2521,3,0.00181102752686
2522,3,0.00127387046814
2523,3,0.00199413299561
2524,3,0.00194692611694
2525,3,0.00194692611694
2526,3,0.00141191482544
2527,3,0.00132894515991
2528,3,0.00193309783936
2529,3,0.00198602676392
2530,3,0.00128483772278
2531,3,0.00197792053223
2532,3,0.00194478034973
2533,3,0.00197100639343
2534,3,0.00201678276062
2535,3,0.00200796127319
2536,3,0.00680804252625
2537,3,0.00142598152161
2538,3,0.00189685821533
2539,3,0.00208520889282
2540,3,0.00192403793335
2541,3,0.00206184387207
2542,3,0.00193500518799
2543,3,0.001305103302
2544,3,0.00211381912231
2545,3,0.00194191932678
2546,3,0.00193214416504
2547,3,0.00206804275513
2548,3,0.00201296806335
2549,3,0.00191402435303
2550,3,0.00194907188416
2551,3,0.00197005271912
2552,3,0.00202989578247
2553,3,0.00230312347412
2554,3,0.00136017799377
2555,3,0.00127410888672
2556,3,0.0020740032196
2557,3,0.00211906433105
2558,3,0.00188994407654
2559,3,0.00128388404846
2560,3,0.00195097923279
2561,3,0.00194907188416
2562,3,0.00201892852783
2563,3,0.00180792808533
2564,3,0.00185203552246
2565,3,0.00198888778687
2566,3,0.00181913375854
2567,3,0.00197196006775
2568,3,0.0018470287323
2569,3,0.00190186500549
2570,3,0.00196003913879
2571,3,0.00186991691589
2572,3,0.00204920768738
2573,3,0.00194191932678
2574,3,0.00228810310364
2575,3,0.00176382064819
2576,3,0.00172209739685
2577,3,0.00177192687988
2578,3,0.00282788276672
2579,3,0.00309896469116
2580,3,0.00193309783936
2581,3,0.00208210945129
2582,3,0.00202798843384
2583,3,0.0021870136261
2584,3,0.00203895568848
2585,3,0.00173878669739
2586,3,0.00219202041626
2587,3,0.001708984375
2588,3,0.00183200836182
2589,3,0.00198292732239
2590,3,0.0019588470459
2591,3,0.00195503234863
2592,3,0.00220894813538
2593,3,0.00227618217468
2594,3,0.0034339427948
2595,3,0.00205397605896
2596,3,0.00130891799927
2597,3,0.00209999084473
2598,3,0.00192022323608
2599,3,0.00172305107117
2600,3,0.0020740032196
2601,3,0.00188994407654
2602,3,0.00662684440613
2603,3,0.00207495689392
2604,3,0.00202608108521
2605,3,0.00244402885437
2606,3,0.0022189617157
2607,3,0.00254392623901
2608,3,0.00220394134521
2609,3,0.00266098976135
2610,3,0.00220394134521
2611,3,0.00196599960327
2612,3,0.00201201438904
2613,3,0.0026159286499
2614,3,0.00183701515198
2615,3,0.00202798843384
2616,3,0.00199699401855
2617,3,0.00204515457153
2618,3,0.00203394889832
2619,3,0.00175595283508
2620,3,0.00221085548401
2621,3,0.00214004516602
2622,3,0.00190281867981
2623,3,0.00258111953735
2624,3,0.00203609466553
2625,3,0.00201296806335
2626,3,0.00262308120728
2627,3,0.00313711166382
2628,3,0.00188994407654
2629,3,0.0023410320282
2630,3,0.00205206871033
2631,3,0.00226998329163
2632,3,0.00316715240479
2633,3,0.00215697288513
2634,3,0.0020010471344
2635,3,0.0019359588623
2636,3,0.00187087059021
2637,3,0.00267195701599
2638,3,0.00440192222595
2639,3,0.00219511985779
2640,3,0.00274515151978
2641,3,0.00205087661743
2642,3,0.00175714492798
2643,3,0.00167298316956
2644,3,0.00198817253113
2645,3,0.00192284584045
2646,3,0.00213694572449
2647,3,0.00197291374207
2648,3,0.00177383422852
2649,3,0.00202894210815
2650,3,0.00181102752686
2651,3,0.00202202796936
2652,3,0.00193095207214
2653,3,0.00202989578247
2654,3,0.00204300880432
2655,3,0.00194382667542
2656,3,0.00191593170166
2657,3,0.00190806388855
2658,3,0.00217700004578
2659,3,0.00173687934875
2660,3,0.00202298164368
2661,3,0.00190997123718
2662,3,0.00194907188416
2663,3,0.00194787979126
2664,3,0.00194692611694
2665,3,0.00189304351807
2666,3,0.00200700759888
2667,3,0.00206279754639
2668,3,0.00202393531799
2669,3,0.00193095207214
2670,3,0.0019850730896
2671,3,0.00210499763489
2672,3,0.00206708908081
2673,3,0.00194311141968
2674,3,0.00199699401855
2675,3,0.00194501876831
2676,3,0.00182414054871
2677,3,0.00198793411255
2678,3,0.00192999839783
2679,3,0.00173592567444
2680,3,0.00173783302307
2681,3,0.00204682350159
2682,3,0.00192284584045
2683,3,0.00173401832581
2684,3,0.00203895568848
2685,3,0.00203800201416
2686,3,0.00169205665588
2687,3,0.00192213058472
2688,3,0.00198316574097
2689,3,0.00197005271912
2690,3,0.002032995224
2691,3,0.00207114219666
2692,3,0.0020489692688
2693,3,0.00209403038025
2694,3,0.00196099281311
2695,3,0.00202703475952
2696,3,0.00223994255066
2697,3,0.00193095207214
2698,3,0.00218915939331
2699,3,0.002121925354
2700,3,0.00197410583496
2701,3,0.00206208229065
2702,3,0.00196504592896
2703,3,0.00236892700195
2704,3,0.00188589096069
2705,3,0.00238609313965
2706,3,0.00205898284912
2707,3,0.00173687934875
2708,3,0.00194907188416
2709,3,0.00180411338806
2710,3,0.0021059513092
2711,3,0.00214290618896
2712,3,0.00199103355408
2713,3,0.00205397605896
2714,3,0.00195384025574
2715,3,0.00199294090271
2716,3,0.00170803070068
2717,3,0.00190901756287
2718,3,0.00187706947327
2719,3,0.00128293037415
2720,3,0.00184798240662
2721,3,0.00172686576843
2722,3,0.00275111198425
2723,3,0.00228714942932
2724,3,0.00181794166565
2725,3,0.00207591056824
2726,3,0.0025999546051
2727,3,0.00196290016174
2728,3,0.00339102745056
2729,3,0.00218892097473
2730,3,0.00190615653992
2731,3,0.00170183181763
2732,3,0.00396299362183
2733,3,0.00266599655151
2734,3,0.00201201438904
2735,3,0.00278306007385
2736,3,0.00203895568848
2737,3,0.00197696685791
2738,3,0.00214791297913
2739,3,0.00246095657349
2740,3,0.00202298164368
2741,3,0.00212097167969
2742,3,0.00215101242065
2743,3,0.00229287147522
2744,3,0.00200390815735
2745,3,0.00221800804138
2746,3,0.00206208229065
2747,3,0.00204801559448
2748,3,0.00195479393005
2749,3,0.00185108184814
2750,3,0.00224113464355
2751,3,0.00203704833984
2752,3,0.00194001197815
2753,3,0.00194406509399
2754,3,0.00137400627136
2755,3,0.00199794769287
2756,3,0.0019199848175
2757,3,0.00176000595093
2758,3,0.00197696685791
2759,3,0.00202584266663
2760,3,0.00202703475952
2761,3,0.00208806991577
2762,3,0.0020968914032
2763,3,0.0020489692688
2764,3,0.00138092041016
2765,3,0.00154995918274
2766,3,0.0018789768219
2767,3,0.00201892852783
2768,3,0.00209999084473
2769,3,0.00388407707214
2770,3,0.00309491157532
2771,3,0.00192213058472
2772,3,0.00184011459351
2773,3,0.00276684761047
2774,3,0.002121925354
2775,3,0.00181984901428
2776,3,0.00190591812134
2777,3,0.00215291976929
2778,3,0.00196290016174
2779,3,0.00190281867981
2780,3,0.00437903404236
2781,3,0.00323390960693
2782,3,0.00178480148315
2783,3,0.00193119049072
2784,3,0.00195598602295
2785,3,0.00194883346558
2786,3,0.00182890892029
2787,3,0.00126719474792
2788,3,0.00200200080872
2789,3,0.00642013549805
2790,3,0.00207686424255
2791,3,0.00198411941528
2792,3,0.0017569065094
2793,3,0.00195002555847
2794,3,0.00203108787537
2795,3,0.00198483467102
2796,3,0.00276494026184
2797,3,0.00192594528198
2798,3,0.00209903717041
2799,3,0.00183606147766
2800,3,0.00244307518005
2801,3,0.00195407867432
2802,3,0.00197601318359
2803,3,0.00194406509399
2804,3,0.00206398963928
2805,3,0.00181293487549
2806,3,0.0022919178009
2807,3,0.0012412071228
2808,3,0.00191497802734
2809,3,0.00192713737488
2810,3,0.00177192687988
2811,3,0.0019998550415
2812,3,0.00199198722839
2813,3,0.0021071434021
2814,3,0.00201892852783
2815,3,0.00203013420105
2816,3,0.00191783905029
2817,3,0.00196504592896
2818,3,0.00214290618896
2819,3,0.00186109542847
2820,3,0.00197696685791
2821,3,0.00210809707642
2822,3,0.00217008590698
2823,3,0.00196409225464
2824,3,0.00186610221863
2825,3,0.002286195755
2826,3,0.00168704986572
2827,3,0.00188517570496
2828,3,0.00229406356812
2829,3,0.00205492973328
2830,3,0.00232100486755
2831,3,0.00199508666992
2832,3,0.00183200836182
2833,3,0.00194597244263
2834,3,0.00199007987976
2835,3,0.00198793411255
2836,3,0.00153708457947
2837,3,0.00214791297913
2838,3,0.00204300880432
2839,3,0.00198197364807
2840,3,0.00201892852783
2841,3,0.00201797485352
2842,3,0.00134301185608
2843,3,0.00137591362
2844,3,0.00192999839783
2845,3,0.00214004516602
2846,3,0.00199699401855
2847,3,0.00207781791687
2848,3,0.00212407112122
2849,3,0.00200796127319
2850,3,0.00190186500549
2851,3,0.00176787376404
2852,3,0.00193095207214
2853,3,0.00202298164368
2854,3,0.00217413902283
2855,3,0.0019690990448
2856,3,0.00204110145569
2857,3,0.00192499160767
2858,3,0.00198578834534
2859,3,0.00196099281311
2860,3,0.0016770362854
2861,3,0.00198793411255
2862,3,0.00182008743286
2863,3,0.00210309028625
2864,3,0.00200986862183
2865,3,0.00205206871033
2866,3,0.00287318229675
2867,3,0.00230002403259
2868,3,0.00212812423706
2869,3,0.00215005874634
2870,3,0.00332903862
2871,3,0.00184106826782
2872,3,0.00198292732239
2873,3,0.00201392173767
2874,3,0.00220608711243
2875,3,0.00222587585449
2876,3,0.00199198722839
2877,3,0.00148105621338
2878,3,0.00210809707642
2879,3,0.00255990028381
2880,3,0.00198292732239
2881,3,0.00196599960327
2882,3,0.00195908546448
2883,3,0.00190711021423
2884,3,0.00199913978577
2885,3,0.00192618370056
2886,3,0.00221800804138
2887,3,0.00246000289917
2888,3,0.00176000595093
2889,3,0.00192809104919
2890,3,0.00198101997375
2891,3,0.00202918052673
2892,3,0.00218391418457
2893,3,0.00152492523193
2894,3,0.00205683708191
2895,3,0.00174403190613
2896,3,0.00197505950928
2897,3,0.00195717811584
2898,3,0.00204396247864
2899,3,0.00193691253662
2900,3,0.00180101394653
2901,3,0.00202298164368
2902,3,0.00192403793335
2903,3,0.00201892852783
2904,3,0.00208592414856
2905,3,0.00209808349609
2906,3,0.00171518325806
2907,3,0.00206899642944
2908,3,0.00197792053223
2909,3,0.00193500518799
2910,3,0.00195789337158
2911,3,0.00194716453552
2912,3,0.00193786621094
2913,3,0.00205016136169
2914,3,0.00204110145569
2915,3,0.00200796127319
2916,3,0.00193214416504
2917,3,0.0019371509552
2918,3,0.00191807746887
2919,3,0.00192499160767
2920,3,0.00197982788086
2921,3,0.00193405151367
2922,3,0.00196099281311
2923,3,0.00191783905029
2924,3,0.00222420692444
2925,3,0.00206589698792
2926,3,0.00200414657593
2927,3,0.00187110900879
2928,3,0.00227093696594
2929,3,0.00197386741638
2930,3,0.00147914886475
2931,3,0.00201106071472
2932,3,0.00224804878235
2933,3,0.00132322311401
2934,3,0.00212597846985
2935,3,0.00196814537048
2936,3,0.00197386741638
2937,3,0.00203704833984
2938,3,0.00195288658142
2939,3,0.002286195755
2940,3,0.00193905830383
2941,3,0.00174784660339
2942,3,0.0023181438446
2943,3,0.00198197364807
2944,3,0.00192189216614
2945,3,0.00187301635742
2946,3,0.00212597846985
2947,3,0.00210404396057
2948,3,0.0128901004791
2949,3,0.00189590454102
2950,3,0.00144505500793
2951,3,0.00210499763489
2952,3,0.00163197517395
2953,3,0.00173687934875
2954,3,0.00189113616943
2955,3,0.00198984146118
2956,3,0.00204992294312
2957,3,0.00173711776733
2958,3,0.00200700759888
2959,3,0.00231695175171
2960,3,0.00205612182617
2961,3,0.00246000289917
2962,3,0.00209307670593
2963,3,0.00197410583496
2964,3,0.0018949508667
2965,3,0.00188207626343
2966,3,0.00214886665344
2967,3,0.00165700912476
2968,3,0.00196719169617
2969,3,0.00174283981323
2970,3,0.00230121612549
2971,3,0.00261902809143
2972,3,0.00480389595032
2973,3,0.00206303596497
2974,3,0.00203514099121
2975,3,0.0036768913269
2976,3,0.00209283828735
2977,3,0.00196599960327
2978,3,0.00251698493958
2979,3,0.00236797332764
2980,3,0.00212407112122
2981,3,0.00199389457703
2982,3,0.00195598602295
2983,3,0.00204300880432
2984,3,0.00203800201416
2985,3,0.00208497047424
2986,3,0.00200080871582
2987,3,0.00287890434265
2988,3,0.00204300880432
2989,3,0.00216817855835
2990,3,0.00206089019775
2991,3,0.00222897529602
2992,3,0.00220680236816
2993,3,0.00206208229065
2994,3,0.00209379196167
2995,3,0.00208783149719
2996,3,0.00202298164368
2997,3,0.00236392021179
2998,3,0.00253295898438
2999,3,0.00193405151367
3000,3,0.00200414657593
3001,3,0.0020318031311
3002,3,0.00200080871582
3003,3,0.0016930103302
3004,3,0.00209712982178
3005,3,0.00201606750488
3006,3,0.00201487541199
3007,3,0.00198602676392
3008,3,0.00205707550049
3009,3,0.00192713737488
3010,3,0.00199103355408
3011,3,0.00134301185608
3012,3,0.00193285942078
3013,3,0.00194215774536
3014,3,0.00207495689392
3015,3,0.00207781791687
3016,3,0.00125312805176
3017,3,0.00203895568848
3018,3,0.00133800506592
3019,3,0.00171208381653
3020,3,0.00193691253662
3021,3,0.00193500518799
3022,3,0.00199818611145
3023,3,0.00126600265503
3024,3,0.00209379196167
3025,3,0.00193405151367
3026,3,0.00204682350159
3027,3,0.00204801559448
3028,3,0.00192403793335
3029,3,0.00199913978577
3030,3,0.0019838809967
3031,3,0.00206685066223
3032,3,0.00203800201416
3033,3,0.00192189216614
3034,3,0.00200796127319
3035,3,0.00195980072021
3036,3,0.00210189819336
3037,3,0.00199890136719
3038,3,0.0020477771759
3039,3,0.00155401229858
3040,3,0.00247311592102
3041,3,0.0024881362915
3042,3,0.00192499160767
3043,3,0.00187301635742
3044,3,0.00218200683594
3045,3,0.00200295448303
3046,3,0.00241088867188
3047,3,0.00194191932678
3048,3,0.00192093849182
3049,3,0.00201511383057
3050,3,0.00182700157166
3051,3,0.00176692008972
3052,3,0.00193500518799
3053,3,0.0019428730011
3054,3,0.00202608108521
3055,3,0.00196599960327
3056,3,0.00180816650391
3057,3,0.0019428730011
3058,3,0.0019199848175
3059,3,0.00186896324158
3060,3,0.00207114219666
3061,3,0.00206899642944
3062,3,0.00199413299561
3063,3,0.00217390060425
3064,3,0.00198197364807
3065,3,0.00211501121521
3066,3,0.002277135849
3067,3,0.00199103355408
3068,3,0.00191903114319
3069,3,0.00202584266663
3070,3,0.00174784660339
3071,3,0.00192403793335
3072,3,0.00189709663391
3073,3,0.00129103660583
3074,3,0.001708984375
3075,3,0.00195598602295
3076,3,0.00197410583496
3077,3,0.00180602073669
3078,3,0.00212717056274
3079,3,0.0019679069519
3080,3,0.00195908546448
3081,3,0.00174713134766
3082,3,0.00192594528198
3083,3,0.00193309783936
3084,3,0.00188302993774
3085,3,0.00189113616943
3086,3,0.00195288658142
3087,3,0.00189518928528
3088,3,0.00192189216614
3089,3,0.00194501876831
3090,3,0.00202989578247
3091,3,0.00182700157166
3092,3,0.00192809104919
3093,3,0.00363612174988
3094,3,0.00218081474304
3095,3,0.00406408309937
3096,3,0.0021071434021
3097,3,0.00218892097473
3098,3,0.00189018249512
3099,3,0.00223112106323
3100,3,0.00223207473755
3101,3,0.00206112861633
3102,3,0.00216197967529
3103,3,0.00188994407654
3104,3,0.00188708305359
3105,3,0.00209283828735
3106,3,0.00196099281311
3107,3,0.00192093849182
3108,3,0.00197291374207
3109,3,0.00197887420654
3110,3,0.00206208229065
3111,3,0.00193905830383
3112,3,0.00194311141968
3113,3,0.00216698646545
3114,3,0.00218796730042
3115,3,0.00211501121521
3116,3,0.00176286697388
3117,3,0.00197815895081
3118,3,0.0022189617157
3119,3,0.00212478637695
3120,3,0.00200700759888
3121,3,0.00184893608093
3122,3,0.00190687179565
3123,3,0.00201511383057
3124,3,0.00215101242065
3125,3,0.00192594528198
3126,3,0.00212001800537
3127,3,0.00205588340759
3128,3,0.00197601318359
3129,3,0.00178217887878
3130,3,0.00207996368408
3131,3,0.00172805786133
3132,3,0.00178384780884
3133,3,0.00152921676636
3134,3,0.00177192687988
3135,3,0.00362706184387
3136,3,0.00184798240662
3137,3,0.00206089019775
3138,3,0.00194096565247
3139,3,0.00220012664795
3140,3,0.00216388702393
3141,3,0.00208187103271
3142,3,0.00175905227661
3143,3,0.00193500518799
3144,3,0.00464296340942
3145,3,0.00214505195618
3146,3,0.00213003158569
3147,3,0.00181007385254
3148,3,0.00194597244263
3149,3,0.00177979469299
3150,3,0.00193285942078
3151,3,0.00194406509399
3152,3,0.00548005104065
3153,3,0.00197291374207
3154,3,0.00180196762085
3155,3,0.00206708908081
3156,3,0.0022439956665
3157,3,0.00188016891479
3158,3,0.00185108184814
3159,3,0.00270986557007
3160,3,0.0019850730896
3161,3,0.00203204154968
3162,3,0.00226902961731
3163,3,0.00194501876831
3164,3,0.00194978713989
3165,3,0.00195503234863
3166,3,0.00181889533997
3167,3,0.00196409225464
3168,3,0.00201201438904
3169,3,0.00133395195007
3170,3,0.00195002555847
3171,3,0.00190806388855
3172,3,0.00240397453308
3173,3,0.00552701950073
3174,3,0.0020740032196
3175,3,0.00195717811584
3176,3,0.00213098526001
3177,3,0.00176811218262
3178,3,0.00195598602295
3179,3,0.00158214569092
3180,3,0.00201320648193
3181,3,0.00251197814941
3182,3,0.00195598602295
3183,3,0.00279307365417
3184,3,0.00230503082275
3185,3,0.00200009346008
3186,3,0.00197815895081
3187,3,0.00264716148376
3188,3,0.00197815895081
3189,3,0.00233507156372
3190,3,0.00194001197815
3191,3,0.00173592567444
3192,3,0.00197887420654
3193,3,0.00244188308716
3194,3,0.00240206718445
3195,3,0.00241422653198
3196,3,0.0020158290863
3197,3,0.00206208229065
3198,3,0.00230383872986
3199,3,0.00221800804138
3200,3,0.0019519329071
3201,3,0.00236105918884
3202,3,0.00239682197571
3203,3,0.00235509872437
3204,3,0.00191783905029
3205,3,0.00233387947083
3206,3,0.00190210342407
3207,3,0.002121925354
3208,3,0.00255799293518
3209,3,0.00191283226013
3210,3,0.00207614898682
3211,3,0.00227117538452
3212,3,0.00227785110474
3213,3,0.00196003913879
3214,3,0.00203704833984
3215,3,0.00265002250671
3216,3,0.00195789337158
3217,3,0.00192189216614
3218,3,0.00186395645142
3219,3,0.00233817100525
3220,3,0.00229096412659
3221,3,0.00197815895081
3222,3,0.0020580291748
3223,3,0.00202107429504
3224,3,0.00204181671143
3225,3,0.00174307823181
3226,3,0.00224900245667
3227,3,0.00199913978577
3228,3,0.00197911262512
3229,3,0.00165295600891
3230,3,0.00199198722839
3231,3,0.00195288658142
3232,3,0.00232100486755
3233,3,0.00182199478149
3234,3,0.00185513496399
3235,3,0.00233912467957
3236,3,0.00235605239868
3237,3,0.0019268989563
3238,3,0.00178003311157
3239,3,0.00171613693237
3240,3,0.002681016922
3241,3,0.00232887268066
3242,3,0.00195813179016
3243,3,0.00180506706238
3244,3,0.00229501724243
3245,3,0.00198292732239
3246,3,0.00190806388855
3247,3,0.00196599960327
3248,3,0.00178408622742
3249,3,0.00197887420654
3250,3,0.00201392173767
3251,3,0.00268793106079
3252,3,0.00142097473145
3253,3,0.00206804275513
3254,3,0.00245904922485
3255,3,0.0013439655304
3256,3,0.00211405754089
3257,3,0.00181102752686
3258,3,0.00524520874023
3259,3,0.00215697288513
3260,3,0.00279498100281
3261,3,0.00236296653748
3262,3,0.00259184837341
3263,3,0.00235199928284
3264,3,0.00211405754089
3265,3,0.0020740032196
3266,3,0.00203204154968
3267,3,0.00214099884033
3268,3,0.00203514099121
3269,3,0.00243091583252
3270,3,0.0023820400238
3271,3,0.00215601921082
3272,3,0.00128793716431
3273,3,0.00251507759094
3274,3,0.00240898132324
3275,3,0.00191497802734
3276,3,0.00197792053223
3277,3,0.00214910507202
3278,3,0.00180411338806
3279,3,0.00254392623901
3280,3,0.00503897666931
3281,3,0.00310897827148
3282,3,0.00282979011536
3283,3,0.00165796279907
3284,3,0.00182509422302
3285,3,0.0020899772644
3286,3,0.00196695327759
3287,3,0.00202798843384
3288,3,0.00202512741089
3289,3,0.00197887420654
3290,3,0.00196409225464
3291,3,0.00192499160767
3292,3,0.00188398361206
3293,3,0.00185298919678
3294,3,0.00247597694397
3295,3,0.00197315216064
3296,3,0.00197696685791
3297,3,0.00177812576294
3298,3,0.00195407867432
3299,3,0.00198698043823
3300,3,0.00200200080872
3301,3,0.00200605392456
3302,3,0.00139999389648
3303,3,0.00181698799133
3304,3,0.00207185745239
3305,3,0.00203394889832
3306,3,0.00127792358398
3307,3,0.00197005271912
3308,3,0.00202894210815
3309,3,0.00198793411255
3310,3,0.00186514854431
3311,3,0.00196290016174
3312,3,0.00193810462952
3313,3,0.00195717811584
3314,3,0.00226211547852
3315,3,0.001953125
3316,3,0.00190496444702
3317,3,0.00129103660583
3318,3,0.00194191932678
3319,3,0.00200319290161
3320,3,0.00192809104919
3321,3,0.00194907188416
3322,3,0.00133180618286
3323,3,0.00205993652344
3324,3,0.00191497802734
3325,3,0.00197815895081
3326,3,0.00203704833984
3327,3,0.00198912620544
3328,3,0.00197792053223
3329,3,0.00588703155518
3330,3,0.00195598602295
3331,3,0.00195002555847
3332,3,0.00200796127319
3333,3,0.00204992294312
3334,3,0.00201392173767
3335,3,0.00195693969727
3336,3,0.00204586982727
3337,3,0.00194001197815
3338,3,0.00126910209656
3339,3,0.00127196311951
3340,3,0.00194096565247
3341,3,0.00200700759888
3342,3,0.00191688537598
3343,3,0.00193881988525
3344,3,0.00211691856384
3345,3,0.00191402435303
3346,3,0.00197911262512
3347,3,0.00199508666992
3348,3,0.00195407867432
3349,3,0.00198578834534
3350,3,0.00193905830383
3351,3,0.00198602676392
3352,3,0.00201797485352
3353,3,0.00198984146118
3354,3,0.00183606147766
3355,3,0.00210309028625
3356,3,0.00194692611694
3357,3,0.0020010471344
3358,3,0.00192403793335
3359,3,0.00207996368408
3360,3,0.00196981430054
3361,3,0.00178694725037
3362,3,0.00172519683838
3363,3,0.0028920173645
3364,3,0.0019199848175
3365,3,0.00180983543396
3366,3,0.00194001197815
3367,3,0.00216794013977
3368,3,0.00194597244263
3369,3,0.0019371509552
3370,3,0.00198101997375
3371,3,0.00195908546448
3372,3,0.00191712379456
3373,3,0.00203013420105
3374,3,0.00191807746887
3375,3,0.00128102302551
3376,3,0.00214385986328
3377,3,0.00214791297913
3378,3,0.00187683105469
3379,3,0.00196981430054
3380,3,0.00196194648743
3381,3,0.00204300880432
3382,3,0.00207495689392
3383,3,0.00197100639343
3384,3,0.00206208229065
3385,3,0.00194406509399
3386,3,0.0019268989563
3387,3,0.00189709663391
3388,3,0.00196099281311
3389,3,0.00200891494751
3390,3,0.00194811820984
3391,3,0.00198197364807
3392,3,0.00179886817932
3393,3,0.00194787979126
3394,3,0.00195813179016
3395,3,0.00169396400452
3396,3,0.00194597244263
3397,3,0.00198411941528
3398,3,0.00192809104919
3399,3,0.00217008590698
3400,3,0.00192713737488
3401,3,0.00201892852783
3402,3,0.00184106826782
3403,3,0.0020170211792
3404,3,0.00175905227661
3405,3,0.00176191329956
3406,3,0.00207185745239
3407,3,0.00198793411255
3408,3,0.00199508666992
3409,3,0.00196886062622
3410,3,0.00194692611694
3411,3,0.00202083587646
3412,3,0.0019838809967
3413,3,0.00193500518799
3414,3,0.00191593170166
3415,3,0.00195717811584
3416,3,0.00193405151367
3417,3,0.00192189216614
3418,3,0.00204086303711
3419,3,0.00192594528198
3420,3,0.00184106826782
3421,3,0.00202083587646
3422,3,0.00202298164368
3423,3,0.00200486183167
3424,3,0.00195002555847
3425,3,0.00190615653992
3426,3,0.00197792053223
3427,3,0.00189995765686
3428,3,0.00207686424255
3429,3,0.00214409828186
3430,3,0.00197982788086
3431,3,0.00193691253662
3432,3,0.00201106071472
3433,3,0.00176191329956
3434,3,0.00197005271912
3435,3,0.00193309783936
3436,3,0.00201392173767
3437,3,0.00192189216614
3438,3,0.00206518173218
3439,3,0.00191402435303
3440,3,0.00196504592896
3441,3,0.00125789642334
3442,3,0.00216507911682
3443,3,0.00203013420105
3444,3,0.00129318237305
3445,3,0.00243401527405
3446,3,0.00199103355408
3447,3,0.00193691253662
3448,3,0.00195908546448
3449,3,0.00201201438904
3450,3,0.00204801559448
3451,3,0.00200295448303
3452,3,0.00217604637146
3453,3,0.00208306312561
3454,3,0.00215291976929
3455,3,0.00179100036621
3456,3,0.00190687179565
3457,3,0.00220108032227
3458,3,0.00184607505798
3459,3,0.00255179405212
3460,3,0.00194215774536
3461,3,0.00197005271912
3462,3,0.00225806236267
3463,3,0.00211906433105
3464,3,0.00195789337158
3465,3,0.00199794769287
3466,3,0.00197601318359
3467,3,0.00207018852234
3468,3,0.00196695327759
3469,3,0.00220203399658
3470,3,0.00176620483398
3471,3,0.00203704833984
3472,3,0.00226306915283
3473,3,0.00202703475952
3474,3,0.00204014778137
3475,3,0.00219202041626
3476,3,0.00198698043823
3477,3,0.00214099884033
3478,3,0.00208187103271
3479,3,0.0018150806427
3480,3,0.00197100639343
3481,3,0.00180196762085
3482,3,0.00238180160522
3483,3,0.00194311141968
3484,3,0.00221610069275
3485,3,0.00207901000977
3486,3,0.00181102752686
3487,3,0.00236797332764
3488,3,0.00216388702393
3489,3,0.00201892852783
3490,3,0.00196695327759
3491,3,0.00177693367004
3492,3,0.00195288658142
3493,3,0.0019519329071
3494,3,0.00231194496155
3495,3,0.00222277641296
3496,3,0.00200700759888
3497,3,0.00207304954529
3498,3,0.00206804275513
3499,3,0.00343012809753
3500,3,0.00256299972534
3501,3,0.00208115577698
3502,3,0.00208616256714
3503,3,0.00663900375366
3504,3,0.00186705589294
3505,3,0.00193095207214
3506,3,0.00228714942932
3507,3,0.00214695930481
3508,3,0.00139307975769
3509,3,0.00200200080872
3510,3,0.00191903114319
3511,3,0.00195384025574
3512,3,0.00186109542847
3513,3,0.00198817253113
3514,3,0.00200486183167
3515,3,0.00208711624146
3516,3,0.001953125
3517,3,0.00219297409058
3518,3,0.00200986862183
3519,3,0.00203204154968
3520,3,0.00243496894836
3521,3,0.00193405151367
3522,3,0.00164604187012
3523,3,0.00242209434509
3524,3,0.00194501876831
3525,3,0.00191807746887
3526,3,0.00203585624695
3527,3,0.0019838809967
3528,3,0.00193500518799
3529,3,0.00208592414856
3530,3,0.00203800201416
3531,3,0.00204205513
3532,3,0.00197100639343
3533,3,0.00156307220459
3534,3,0.00220608711243
3535,3,0.00173997879028
3536,3,0.00202012062073
3537,3,0.00193691253662
3538,3,0.00177001953125
3539,3,0.00337195396423
3540,3,0.00196099281311
3541,3,0.00210189819336
3542,3,0.00173997879028
3543,3,0.00123810768127
3544,3,0.001788854599
3545,3,0.00189208984375
3546,3,0.00197315216064
3547,3,0.00207495689392
3548,3,0.00170302391052
3549,3,0.0019679069519
3550,3,0.00213503837585
3551,3,0.00199508666992
3552,3,0.00264000892639
3553,3,0.0020158290863
3554,3,0.00189900398254
3555,3,0.00250506401062
3556,3,0.00203108787537
3557,3,0.00193691253662
3558,3,0.00192999839783
3559,3,0.00189399719238
3560,3,0.00193691253662
3561,3,0.00189399719238
3562,3,0.00199294090271
3563,3,0.00159001350403
3564,3,0.00197005271912
3565,3,0.00198006629944
3566,3,0.00199484825134
3567,3,0.00199890136719
3568,3,0.00205087661743
3569,3,0.00360798835754
3570,3,0.00130891799927
3571,3,0.00130605697632
3572,3,0.00159621238708
3573,3,0.00155115127563
3574,3,0.0018138885498
3575,3,0.00350499153137
3576,3,0.00201797485352
3577,3,0.00173401832581
3578,3,0.00193905830383
3579,3,0.00195789337158
3580,3,0.0019519329071
3581,3,0.00205612182617
3582,3,0.00180983543396
3583,3,0.00152397155762
3584,3,0.00192403793335
3585,3,0.00193500518799
3586,3,0.00205206871033
3587,3,0.00241208076477
3588,3,0.00188612937927
3589,3,0.00193190574646
3590,3,0.00128316879272
3591,3,0.00127506256104
3592,3,0.00200009346008
3593,3,0.00176906585693
3594,3,0.00200891494751
3595,3,0.00209593772888
3596,3,0.00424098968506
3597,3,0.00214910507202
3598,3,0.00201797485352
3599,3,0.00253796577454
3600,3,0.00194787979126
3601,3,0.00203013420105
3602,3,0.0019838809967
3603,3,0.00194907188416
3604,3,0.00192213058472
3605,3,0.00185298919678
3606,3,0.00199794769287
3607,3,0.0019359588623
3608,3,0.00204706192017
3609,3,0.00207805633545
3610,3,0.00204801559448
3611,3,0.00310492515564
3612,3,0.00198292732239
3613,3,0.00219202041626
3614,3,0.0020740032196
3615,3,0.00194478034973
3616,3,0.00194692611694
3617,3,0.00207996368408
3618,3,0.00209879875183
3619,3,0.00196218490601
3620,3,0.00191116333008
3621,3,0.00192904472351
3622,3,0.00203108787537
3623,3,0.00196695327759
3624,3,0.00201988220215
3625,3,0.00195384025574
3626,3,0.00147581100464
3627,3,0.0024299621582
3628,3,0.00185489654541
3629,3,0.00168013572693
3630,3,0.00195288658142
3631,3,0.00310492515564
3632,3,0.00141096115112
3633,3,0.00244092941284
3634,3,0.00227379798889
3635,3,0.00198411941528
3636,3,0.00266695022583
3637,3,0.00185680389404
3638,3,0.00215697288513
3639,3,0.00205302238464
3640,3,0.00206589698792
3641,3,0.00194406509399
3642,3,0.0019690990448
3643,3,0.00205302238464
3644,3,0.002436876297
3645,3,0.00193381309509
3646,3,0.00198101997375
3647,3,0.00197911262512
3648,3,0.00203418731689
3649,3,0.00231385231018
3650,3,0.00189709663391
3651,3,0.00190186500549
3652,3,0.00138211250305
3653,3,0.00190591812134
3654,3,0.00144290924072
3655,3,0.00173091888428
3656,3,0.00201201438904
3657,3,0.00198888778687
3658,3,0.00200915336609
3659,3,0.00202012062073
3660,3,0.00352692604065
3661,3,0.00137400627136
3662,3,0.00173687934875
3663,3,0.00174808502197
3664,3,0.00193285942078
3665,3,0.00150299072266
3666,3,0.00199484825134
3667,3,0.00228786468506
3668,3,0.00233697891235
3669,3,0.00198006629944
3670,3,0.00197911262512
3671,3,0.00198698043823
3672,3,0.00242900848389
3673,3,0.00652098655701
3674,3,0.00201988220215
3675,3,0.0019907951355
3676,3,0.00195717811584
3677,3,0.00183200836182
3678,3,0.00184798240662
3679,3,0.00189995765686
3680,3,0.00193810462952
3681,3,0.00196099281311
3682,3,0.00202083587646
3683,3,0.00197005271912
3684,3,0.00190305709839
3685,3,0.00269794464111
3686,3,0.0019679069519
3687,3,0.0018949508667
3688,3,0.00193619728088
3689,3,0.00171685218811
3690,3,0.00200200080872
3691,3,0.00195002555847
3692,3,0.00196003913879
3693,3,0.00130009651184
3694,3,0.00228714942932
3695,3,0.00191783905029
3696,3,0.00176286697388
3697,3,0.0024631023407
3698,3,0.00204610824585
3699,3,0.00232911109924
3700,3,0.00192403793335
3701,3,0.00177597999573
3702,3,0.00173187255859
3703,3,0.00189185142517
3704,3,0.00190401077271
3705,3,0.0020170211792
3706,3,0.00220799446106
3707,3,0.0032479763031
3708,3,0.0016770362854
3709,3,0.00135111808777
3710,3,0.00203800201416
3711,3,0.00283002853394
3712,3,0.00186109542847
3713,3,0.00192999839783
3714,3,0.00197410583496
3715,3,0.00193691253662
3716,3,0.0029399394989
3717,3,0.00246787071228
3718,3,0.00246000289917
3719,3,0.0013861656189
3720,3,0.001708984375
3721,3,0.0020170211792
3722,3,0.00188803672791
3723,3,0.00206184387207
3724,3,0.00196194648743
3725,3,0.00207304954529
3726,3,0.001953125
3727,3,0.00194597244263
3728,3,0.00433802604675
3729,3,0.00200390815735
3730,3,0.00166702270508
3731,3,0.00200295448303
3732,3,0.00202894210815
3733,3,0.00180101394653
3734,3,0.00194787979126
3735,3,0.00200414657593
3736,3,0.00167989730835
3737,3,0.00204682350159
3738,3,0.00195407867432
3739,3,0.00200390815735
3740,3,0.00138807296753
3741,3,0.00199103355408
3742,3,0.00194001197815
3743,3,0.00185799598694
3744,3,0.00195217132568
3745,3,0.00197601318359
3746,3,0.00189113616943
3747,3,0.00193500518799
3748,3,0.00191593170166
3749,3,0.00198101997375
3750,3,0.00191211700439
3751,3,0.00193405151367
3752,3,0.00128412246704
3753,3,0.00189709663391
3754,3,0.00199198722839
3755,3,0.00189399719238
3756,3,0.00202608108521
3757,3,0.00192594528198
3758,3,0.00194096565247
3759,3,0.00201201438904
3760,3,0.00303292274475
3761,3,0.00174188613892
3762,3,0.00200295448303
3763,3,0.00385689735413
3764,3,0.0019428730011
3765,3,0.00191903114319
3766,3,0.00192999839783
3767,3,0.00198793411255
3768,3,0.00153708457947
3769,3,0.00122809410095
3770,3,0.00197100639343
3771,3,0.00195097923279
3772,3,0.00188398361206
3773,3,0.00191807746887
3774,3,0.00245094299316
3775,3,0.00192284584045
3776,3,0.00187492370605
3777,3,0.00308895111084
3778,3,0.00194597244263
3779,3,0.0012731552124
3780,3,0.0019359588623
3781,3,0.00199890136719
3782,3,0.00189900398254
3783,3,0.00198817253113
3784,3,0.0024299621582
3785,3,0.00197005271912
3786,3,0.00246286392212
3787,3,0.00196385383606
3788,3,0.00194692611694
3789,3,0.00243091583252
3790,3,0.001788854599
3791,3,0.00195908546448
3792,3,0.00198793411255
3793,3,0.001953125
3794,3,0.0012378692627
3795,3,0.00605702400208
3796,3,0.00273108482361
3797,3,0.00221490859985
3798,3,0.00190997123718
3799,3,0.00199007987976
3800,3,0.00201201438904
3801,3,0.0019199848175
3802,3,0.00485920906067
3803,3,0.0016450881958
3804,3,0.00224304199219
3805,3,0.00210404396057
3806,3,0.00200796127319
3807,3,0.00192403793335
3808,3,0.00219583511353
3809,3,0.00205492973328
3810,3,0.00196695327759
3811,3,0.00202894210815
3812,3,0.00198912620544
3813,3,0.00204110145569
3814,3,0.00177597999573
3815,3,0.00195598602295
3816,3,0.001953125
3817,3,0.00189995765686
3818,3,0.00192379951477
3819,3,0.00209999084473
3820,3,0.00197911262512
3821,3,0.00199699401855
3822,3,0.00190186500549
3823,3,0.00203204154968
3824,3,0.00196409225464
3825,3,0.0020740032196
3826,3,0.00194692611694
3827,3,0.0019109249115
3828,3,0.00197696685791
3829,3,0.00195503234863
3830,3,0.00195288658142
3831,3,0.00197386741638
3832,3,0.00189089775085
3833,3,0.00125789642334
3834,3,0.00205588340759
3835,3,0.00231790542603
3836,3,0.00177097320557
3837,3,0.00195789337158
3838,3,0.00189900398254
3839,3,0.00539112091064
3840,3,0.00171303749084
3841,3,0.00189805030823
3842,3,0.00179696083069
3843,3,0.00130486488342
3844,3,0.0021378993988
3845,3,0.00216889381409
3846,3,0.00239205360413
3847,3,0.00204110145569
3848,3,0.00190591812134
3849,3,0.00192403793335
3850,3,0.00197601318359
3851,3,0.00136399269104
3852,3,0.00199198722839
3853,3,0.0135838985443
3854,3,0.00200200080872
3855,3,0.00127410888672
3856,3,0.00210905075073
3857,3,0.00202703475952
3858,3,0.0020170211792
3859,3,0.00196003913879
3860,3,0.00193500518799
3861,3,0.00235199928284
