1,0,0.00890707969666
2,0,0.00932312011719
3,0,0.00705695152283
4,0,0.0103659629822
5,0,0.00662708282471
6,0,0.0101070404053
7,0,0.00808715820312
8,0,0.00641894340515
9,0,0.00733184814453
10,0,0.00666689872742
11,0,0.00687885284424
12,0,0.00528192520142
13,0,0.00563406944275
14,0,0.00582814216614
15,0,0.00654792785645
16,0,0.00742888450623
17,0,0.00839686393738
18,0,0.00893902778625
19,0,0.0100250244141
20,0,0.00722002983093
21,1,0.00731897354126
22,1,0.00708699226379
23,1,0.00835108757019
24,1,0.00847005844116
25,1,0.00821614265442
26,1,0.00858998298645
27,1,0.00890898704529
28,1,0.00690293312073
29,1,0.00221300125122
30,1,0.00883913040161
31,1,0.00781512260437
32,1,0.00605010986328
33,1,0.00617122650146
34,1,0.00721788406372
35,1,0.00619101524353
36,1,0.00587391853333
37,1,0.00572514533997
38,1,0.00714492797852
39,1,0.00609111785889
40,1,0.00613403320312
41,1,0.00572800636292
42,1,0.00573110580444
43,1,0.0067310333252
44,1,0.00584697723389
45,1,0.00639891624451
46,1,0.00587797164917
47,1,0.00492000579834
48,1,0.00497603416443
49,1,0.00647711753845
50,1,0.0133700370789
51,1,0.00659799575806
52,1,0.00726318359375
53,1,0.00660395622253
54,1,0.00674891471863
55,1,0.0071849822998
56,1,0.00628685951233
57,1,0.00626015663147
58,1,0.00622200965881
59,1,0.00582003593445
60,1,0.00438904762268
61,1,0.0040340423584
62,1,0.00411581993103
63,1,0.0020911693573
64,1,0.00660705566406
65,1,0.00582885742188
66,1,0.00694990158081
67,1,0.00489020347595
68,1,0.00485491752625
69,1,0.00213408470154
70,1,0.0104610919952
71,1,0.00662422180176
72,1,0.00679707527161
73,1,0.00701212882996
74,1,0.00622391700745
75,1,0.00592803955078
76,1,0.00633716583252
77,1,0.0050208568573
78,1,0.00483894348145
79,1,0.00504589080811
80,1,0.00473594665527
81,1,0.00464510917664
82,1,0.00430488586426
83,1,0.00178289413452
84,1,0.00642895698547
85,1,0.00222706794739
86,1,0.00703907012939
87,1,0.00692701339722
88,1,0.00618100166321
89,1,0.00606203079224
90,1,0.00586986541748
91,1,0.0069408416748
92,1,0.00697994232178
93,1,0.00627398490906
94,1,0.00528001785278
95,1,0.00509905815125
96,1,0.00473308563232
97,1,0.00522208213806
98,1,0.00501680374146
99,1,0.00196313858032
100,1,0.00602889060974
101,1,0.00609803199768
102,1,0.00596308708191
103,1,0.00602698326111
104,1,0.00602602958679
105,1,0.00630688667297
106,1,0.00694894790649
107,1,0.00491213798523
108,1,0.00545001029968
109,1,0.00570893287659
110,1,0.00592708587646
111,1,0.00524115562439
112,1,0.00478005409241
113,1,0.00505614280701
114,1,0.00464987754822
115,1,0.00520205497742
116,1,0.00462484359741
117,1,0.00474977493286
118,1,0.00504684448242
119,1,0.00428581237793
120,1,0.00362086296082
121,1,0.00359487533569
122,1,0.00323390960693
123,1,0.00367379188538
124,1,0.0038149356842
125,1,0.00368404388428
126,1,0.00332188606262
127,1,0.0041868686676
128,1,0.0601301193237
129,1,0.00565886497498
130,1,0.00569486618042
131,1,0.00580811500549
132,1,0.006422996521
133,1,0.0057680606842
134,1,0.00569295883179
135,1,0.00450301170349
136,1,0.00466704368591
137,1,0.00436186790466
138,1,0.00588703155518
139,1,0.00719690322876
140,1,0.00574088096619
141,1,0.00586891174316
142,1,0.00389003753662
143,1,0.0173590183258
144,1,0.00372886657715
145,1,0.00419902801514
146,1,0.00421500205994
147,1,0.00432896614075
148,1,0.00462198257446
149,1,0.00205397605896
150,1,0.00662994384766
151,1,0.00172996520996
152,1,0.0059130191803
153,1,0.00219702720642
154,1,0.0100860595703
155,1,0.0024151802063
156,1,0.00759887695312
157,1,0.00192904472351
158,1,0.00662708282471
159,1,0.00672006607056
160,1,0.00596284866333
161,1,0.00598692893982
162,1,0.00659704208374
163,1,0.00712013244629
164,1,0.0109090805054
165,1,0.0069408416748
166,1,0.00583004951477
167,1,0.00588607788086
168,1,0.00485110282898
169,1,0.00437307357788
170,1,0.00456094741821
171,1,0.00510501861572
172,1,0.0058650970459
173,1,0.00524401664734
174,1,0.00521492958069
175,1,0.00492310523987
176,1,0.00556802749634
177,1,0.00515103340149
178,1,0.00373005867004
179,1,0.00429487228394
180,1,0.00367188453674
181,1,0.00399518013
182,1,0.00361585617065
183,1,0.0039689540863
184,1,0.00356006622314
185,1,0.00365304946899
186,1,0.00388598442078
187,1,0.00365614891052
188,1,0.00361490249634
189,1,0.00367093086243
190,1,0.00377583503723
191,1,0.00607180595398
192,1,0.00644302368164
193,1,0.00563716888428
194,1,0.00542902946472
195,1,0.00683617591858
196,1,0.00552082061768
197,1,0.00509190559387
198,1,0.00580191612244
199,1,0.00471186637878
200,1,0.00470089912415
201,1,0.00393891334534
202,1,0.00398707389832
203,1,0.00633192062378
204,1,0.00602197647095
205,1,0.00562405586243
206,1,0.00688004493713
207,1,0.00629901885986
208,1,0.00578999519348
209,1,0.0060920715332
210,1,0.00474214553833
211,1,0.00508809089661
212,1,0.00467491149902
213,1,0.00567102432251
214,1,0.00584292411804
215,1,0.00368905067444
216,1,0.00473690032959
217,1,0.00411486625671
218,1,0.004065990448
219,1,0.00404715538025
220,1,0.00407695770264
221,1,0.00397396087646
222,1,0.00444483757019
223,1,0.00410604476929
224,1,0.00407481193542
225,1,0.00208210945129
226,1,0.00808000564575
227,1,0.00601291656494
228,1,0.00642585754395
229,1,0.00483512878418
230,1,0.00530099868774
231,1,0.00146412849426
232,1,0.0059859752655
233,1,0.00679206848145
234,1,0.00704312324524
235,1,0.0060179233551
236,1,0.00652813911438
237,1,0.0062460899353
238,1,0.00699687004089
239,1,0.00637006759644
240,1,0.00629806518555
241,1,0.00469708442688
242,1,0.00525808334351
243,1,0.00483012199402
244,1,0.00528597831726
245,1,0.00450110435486
246,1,0.00516295433044
247,1,0.00462698936462
248,1,0.00492119789124
249,1,0.00847315788269
250,1,0.00633788108826
251,1,0.0049901008606
252,1,0.00476717948914
253,1,0.00173091888428
254,1,0.00632786750793
255,1,0.00914907455444
256,1,0.00642204284668
257,1,0.00679993629456
258,1,0.00874090194702
259,1,0.00864887237549
260,1,0.0058810710907
261,1,0.00817894935608
262,1,0.00588607788086
263,1,0.00504302978516
264,1,0.00581097602844
265,1,0.00526404380798
266,1,0.00501608848572
267,1,0.0061240196228
268,1,0.00479412078857
269,1,0.00528907775879
270,1,0.00405716896057
271,1,0.00205993652344
272,1,0.00701498985291
273,1,0.00210189819336
274,1,0.00621104240417
275,1,0.00199890136719
276,1,0.00611710548401
277,1,0.00200080871582
278,1,0.00650501251221
279,1,0.00180792808533
280,1,0.00612187385559
281,1,0.00690793991089
282,1,0.0060920715332
283,1,0.00515007972717
284,1,0.00774002075195
285,1,0.00221920013428
286,1,0.00723004341125
287,1,0.00860404968262
288,1,0.00517201423645
289,1,0.00204706192017
290,1,0.00704503059387
291,1,0.00580191612244
292,1,0.0064377784729
293,1,0.00612211227417
294,1,0.00603604316711
295,1,0.00733089447021
296,1,0.00530695915222
297,1,0.00651097297668
298,1,0.00492191314697
299,1,0.00480604171753
300,1,0.00486898422241
301,1,0.00192594528198
302,1,0.00639295578003
303,1,0.00150799751282
304,1,0.0064651966095
305,1,0.00579500198364
306,1,0.00615096092224
307,1,0.00592398643494
308,1,0.00624489784241
309,1,0.00648808479309
310,1,0.00645899772644
311,1,0.00600099563599
312,1,0.00591492652893
313,1,0.00530695915222
314,1,0.0045530796051
315,1,0.00620198249817
316,1,0.00481009483337
317,1,0.0053288936615
318,1,0.00515794754028
319,1,0.00512290000916
320,1,0.00529503822327
321,1,0.00513911247253
322,1,0.00561499595642
323,1,0.00548195838928
324,1,0.00616502761841
325,1,0.00632095336914
326,2,0.0060510635376
327,2,0.00547695159912
328,2,0.00614595413208
329,2,0.00814986228943
330,2,0.00518202781677
331,2,0.0043158531189
332,2,0.00477194786072
333,2,0.00514721870422
334,2,0.0044949054718
335,2,0.00457715988159
336,2,0.00491094589233
337,2,0.00483989715576
338,2,0.00544595718384
339,2,0.00514507293701
340,2,0.00476002693176
341,2,0.00521993637085
342,2,0.00559997558594
343,2,0.00533580780029
344,2,0.0050208568573
345,2,0.00533103942871
346,2,0.00550103187561
347,2,0.00556111335754
348,2,0.00519299507141
349,2,0.00555610656738
350,2,0.00522398948669
351,2,0.00713419914246
352,2,0.00567102432251
353,2,0.00460910797119
354,2,0.00561499595642
355,2,0.00473594665527
356,2,0.00548696517944
357,2,0.00629711151123
358,2,0.00550007820129
359,2,0.00770306587219
360,2,0.00552010536194
361,2,0.00595283508301
362,2,0.00639915466309
363,2,0.00508689880371
364,2,0.00846719741821
365,2,0.00765490531921
366,2,0.00706887245178
367,2,0.00720119476318
368,2,0.00506114959717
369,2,0.00734186172485
370,2,0.00596117973328
371,2,0.00575017929077
372,2,0.00446486473083
373,2,0.00506401062012
374,2,0.00518012046814
375,2,0.00641202926636
376,2,0.00479197502136
377,2,0.00536608695984
378,2,0.00544905662537
379,2,0.00581097602844
380,2,0.00563788414001
381,2,0.00489616394043
382,2,0.00469398498535
383,2,0.00566506385803
384,2,0.00526785850525
385,2,0.00485301017761
386,2,0.006502866745
387,2,0.00518393516541
388,2,0.00461006164551
389,2,0.00803589820862
390,2,0.0060248374939
391,2,0.0057430267334
392,2,0.00592589378357
393,2,0.00341606140137
394,2,0.00875902175903
395,2,0.00379991531372
396,2,0.0034351348877
397,2,0.00568819046021
398,2,0.00624895095825
399,2,0.00438809394836
400,2,0.00787711143494
401,2,0.00465893745422
402,2,0.00595903396606
403,2,0.00550699234009
404,2,0.00847315788269
405,2,0.00568795204163
406,2,0.00372791290283
407,2,0.0037579536438
408,2,0.00373792648315
409,2,0.00353002548218
410,2,0.00803804397583
411,2,0.00789403915405
412,2,0.00868391990662
413,2,0.00775408744812
414,2,0.00755882263184
415,2,0.00762581825256
416,2,0.00736999511719
417,2,0.00490403175354
418,2,0.00594711303711
419,2,0.00612187385559
420,2,0.00578308105469
421,2,0.0075318813324
422,2,0.00596189498901
423,2,0.00274300575256
424,2,0.00294017791748
425,2,0.00452995300293
426,2,0.00486397743225
427,2,0.00509691238403
428,2,0.00674486160278
429,2,0.00452899932861
430,2,0.00525784492493
431,2,0.00478100776672
432,2,0.0108878612518
433,2,0.00577592849731
434,2,0.0058228969574
435,2,0.00663709640503
436,2,0.00582194328308
437,2,0.0029890537262
438,2,0.00463008880615
439,2,0.00691294670105
440,2,0.00547480583191
441,2,0.00617218017578
442,2,0.0059061050415
443,2,0.00662398338318
444,2,0.0123589038849
445,2,0.00489902496338
446,2,0.00680899620056
447,2,0.00517106056213
448,2,0.00603318214417
449,2,0.00508284568787
450,2,0.00513100624084
451,2,0.00638103485107
452,2,0.00608801841736
453,2,